"","lambda_rmse","RMSE_either_FP","RMSE_either_FN","RMSE_either_TPR","RMSE_either_TFR","RMSE_both_FP","RMSE_both_FN","RMSE_both_TPR","RMSE_both_TFR","lambda_cv_min","cv_min_either_FP","cv_min_either_FN","cv_min_either_TPR","cv_min_either_TFR","cv_min_both_FP","cv_min_both_FN","cv_min_both_TPR","cv_min_both_TFR","lambda_cv1se","cv1se_either_FP","cv1se_either_FN","cv1se_either_TPR","cv1se_either_TFR","cv1se_both_FP","cv1se_both_FN","cv1se_both_TPR","cv1se_both_TFR"
"1",0.5160181728477,152,498,0.0311284046692607,0.0342651036970243,68,506,0.0155642023346304,0.0153291253381425,0.463865133813109,177,495,0.0369649805447471,0.0399008115419297,86,503,0.0214007782101167,0.0193868349864743,0.656515253558486,94,504,0.0194552529182879,0.021190261496844,27,510,0.00778210116731518,0.00608656447249775
"2",0.586344710588081,124,442,0.0391304347826087,0.0276169265033408,46,452,0.0173913043478261,0.0102449888641425,0.500178197901417,163,439,0.0456521739130435,0.0363028953229399,67,450,0.0217391304347826,0.0149220489977728,0.697486850560355,80,446,0.0304347826086957,0.0178173719376392,16,456,0.00869565217391304,0.00356347438752784
"3",0.510730559524204,153,461,0.0475206611570248,0.0342588446036722,64,475,0.0185950413223141,0.0143304970891178,0.495233288848514,160,460,0.0495867768595041,0.0358262427227944,72,475,0.0185950413223141,0.0161218092252575,0.648894849467079,96,469,0.0309917355371901,0.0214957456336767,30,481,0.00619834710743802,0.00671742051052396
"4",0.582211163628644,132,448,0.0468085106382979,0.0294642857142857,51,459,0.0234042553191489,0.0113839285714286,0.48443838021107,185,442,0.0595744680851064,0.0412946428571429,80,456,0.0297872340425532,0.0178571428571429,0.696415618110653,88,455,0.0319148936170213,0.0196428571428571,22,465,0.0106382978723404,0.00491071428571429
"5",0.57170046258858,123,446,0.0367170626349892,0.0274125250724315,56,457,0.0129589632829374,0.0124804992199688,0.512878950252771,146,443,0.0431965442764579,0.0325384443949187,69,456,0.0151187904967603,0.0153777579674616,0.685584415440323,81,452,0.0237580993520518,0.0180521506574549,23,461,0.00431965442764579,0.00512591932248719
"6",0.553375079968219,133,460,0.0336134453781513,0.0297273133661153,43,468,0.0168067226890756,0.00961108627626285,0.50798123922772,163,458,0.0378151260504202,0.0364327223960662,53,466,0.0210084033613445,0.0118462226195798,0.693131291166689,71,466,0.0210084033613445,0.0158694680375503,17,471,0.0105042016806723,0.0037997317836388
"7",0.510698108937334,160,462,0.0434782608695652,0.0358182225207074,64,475,0.0165631469979296,0.014327289008283,0.459448700779695,186,460,0.0476190476190476,0.0416386836803224,83,473,0.020703933747412,0.018580702932617,0.666922723597744,93,472,0.0227743271221532,0.0208193418401612,25,480,0.0062111801242236,0.00559659726886053
"8",0.583927312439347,146,480,0.0303030303030303,0.0327721661054994,54,488,0.0141414141414141,0.0121212121212121,0.566503951149275,151,480,0.0303030303030303,0.0338945005611672,57,488,0.0141414141414141,0.0127946127946128,0.716904104554571,84,485,0.0202020202020202,0.0188552188552189,24,492,0.00606060606060606,0.00538720538720539
"9",0.575629124111757,117,469,0.0467479674796748,0.0262449528936743,46,483,0.0182926829268293,0.0103185284881113,0.471541702034365,180,467,0.0508130081300813,0.0403768506056528,76,479,0.0264227642276423,0.0170480035890534,0.664831194289131,86,477,0.0304878048780488,0.0192911619560341,25,489,0.00609756097560976,0.00560789591745177
"10",0.629241706618537,106,471,0.0407331975560081,0.0237721462211258,34,483,0.0162932790224033,0.0076250280331913,0.535421340678849,157,467,0.0488798370672098,0.0352096882709128,70,480,0.0224032586558045,0.0156985871271586,0.689877926548725,80,475,0.0325865580448065,0.0179412424310384,24,486,0.010183299389002,0.00538237272931151
"11",0.535856461483101,149,488,0.024,0.0334831460674157,59,493,0.014,0.0132584269662921,0.490620670961849,166,487,0.026,0.0373033707865169,75,493,0.014,0.0168539325842697,0.68329889376112,86,496,0.008,0.0193258426966292,27,497,0.006,0.00606741573033708
"12",0.506957475298242,173,480,0.04,0.038876404494382,77,493,0.014,0.0173033707865169,0.452034887264174,198,475,0.05,0.0444943820224719,90,490,0.02,0.0202247191011236,0.66723234288953,93,491,0.018,0.0208988764044944,32,495,0.01,0.00719101123595506
"13",0.548962624256321,123,451,0.0424628450106157,0.0274614869390489,52,460,0.0233545647558386,0.0116097343156955,0.51542989572567,144,449,0.0467091295116773,0.0321500334896182,63,456,0.0318471337579618,0.014065639651708,0.686462528137872,71,458,0.0276008492569002,0.0158517526233534,22,464,0.0148619957537155,0.00491181067202501
"14",0.545554822873228,153,463,0.0313807531380753,0.0342128801431127,64,472,0.0125523012552301,0.0143112701252236,0.465953805115259,197,457,0.0439330543933054,0.0440518783542039,85,471,0.0146443514644351,0.0190071556350626,0.663077826939858,94,468,0.0209205020920502,0.0210196779964222,19,477,0.00209205020920502,0.00424865831842576
"15",0.521713239326725,157,447,0.0448717948717949,0.035029004908523,59,455,0.0277777777777778,0.0131637661758144,0.472248846491752,186,445,0.0491452991452991,0.0414993306559572,76,453,0.032051282051282,0.0169567157518965,0.674020677008294,87,457,0.0235042735042735,0.0194109772423025,25,464,0.00854700854700855,0.00557786702365016
"16",0.554521524264264,144,485,0.0357852882703777,0.032381380706094,54,495,0.0159045725646123,0.0121430177647852,0.524312002459483,161,485,0.0357852882703777,0.0362041825950079,63,494,0.0178926441351889,0.0141668540589161,0.692592457165914,83,492,0.0218687872763419,0.0186642680458736,18,500,0.00596421471172962,0.00404767258826175
"17",0.529937319945536,153,472,0.0386965376782077,0.0343126261493608,52,480,0.0224032586558045,0.0116618075801749,0.468788392628322,183,468,0.0468431771894094,0.0410405920610002,71,480,0.0224032586558045,0.0159228526575465,0.671311419633418,85,483,0.0162932790224033,0.0190625700829782,22,490,0.00203665987780041,0.00493384166853555
"18",0.493015005141571,184,448,0.0386266094420601,0.0410347903657449,84,459,0.0150214592274678,0.0187332738626227,0.490839694663097,186,448,0.0386266094420601,0.0414808206958073,84,459,0.0150214592274678,0.0187332738626227,0.724510344025549,84,458,0.0171673819742489,0.0187332738626227,16,462,0.00858369098712446,0.00356824264049955
"19",0.596183619852101,125,496,0.0368932038834951,0.028184892897407,39,504,0.0213592233009709,0.00879368658399098,0.513328807213805,159,489,0.0504854368932039,0.0358511837655017,67,501,0.0271844660194175,0.0151071025930101,0.675684209649874,86,504,0.0213592233009709,0.019391206313416,27,512,0.0058252427184466,0.00608793686583991
"20",0.53623109669622,135,469,0.044806517311609,0.0302758466023772,50,479,0.0244399185336049,0.011213276519399,0.499846492819702,153,462,0.0590631364562118,0.0343126261493608,64,477,0.0285132382892057,0.0143529939448307,0.677683145803356,88,474,0.0346232179226069,0.0197353666741422,18,484,0.0142566191446029,0.00403677954698363
"21",0.568779868895812,149,507,0.0342857142857143,0.0336723163841808,49,516,0.0171428571428571,0.0110734463276836,0.521532847137952,177,503,0.0419047619047619,0.04,60,514,0.020952380952381,0.0135593220338983,0.691646229760987,89,514,0.020952380952381,0.0201129943502825,18,522,0.00571428571428571,0.00406779661016949
"22",0.583553265924498,124,450,0.0425531914893617,0.0276785714285714,43,459,0.0234042553191489,0.00959821428571429,0.547881998683924,144,450,0.0425531914893617,0.0321428571428571,54,458,0.025531914893617,0.0120535714285714,0.696861347217669,70,458,0.025531914893617,0.015625,11,463,0.0148936170212766,0.00245535714285714
"23",0.525329067289202,161,475,0.0404040404040404,0.0361391694725028,58,486,0.0181818181818182,0.0130190796857464,0.553614481164482,148,478,0.0343434343434343,0.0332210998877666,52,487,0.0161616161616162,0.011672278338945,0.70299543429813,77,486,0.0181818181818182,0.0172839506172839,19,493,0.00404040404040404,0.0042648709315376
"24",0.527590929598159,141,469,0.0309917355371901,0.0315718763994626,50,476,0.0165289256198347,0.0111957008508733,0.441990434801473,189,463,0.0433884297520661,0.0423197492163009,83,470,0.0289256198347107,0.0185848634124496,0.641794941679033,89,473,0.0227272727272727,0.0199283475145544,25,481,0.00619834710743802,0.00559785042543663
"25",0.541913493021106,151,477,0.0421686746987952,0.0339173405211141,54,493,0.0100401606425703,0.0121293800539084,0.488698557566974,181,473,0.0502008032128514,0.0406558849955076,67,493,0.0100401606425703,0.0150494159928122,0.639126123313323,112,482,0.0321285140562249,0.0251572327044025,32,495,0.00602409638554217,0.00718778077268643
"26",0.586675441211817,123,456,0.0379746835443038,0.0274798927613941,47,467,0.0147679324894515,0.0105004468275246,0.535686061110305,143,452,0.0464135021097046,0.0319481680071492,60,465,0.0189873417721519,0.0134048257372654,0.694071344470106,79,463,0.0232067510548523,0.0176496872207328,22,469,0.0105485232067511,0.00491510277033065
"27",0.524218750747008,167,460,0.0315789473684211,0.0373184357541899,72,471,0.00842105263157895,0.0160893854748603,0.519924634379488,169,459,0.0336842105263158,0.0377653631284916,73,470,0.0105263157894737,0.0163128491620112,0.675894374174079,87,468,0.0147368421052632,0.0194413407821229,19,474,0.00210526315789474,0.00424581005586592
"28",0.549213258310364,131,489,0.0411764705882353,0.0295045045045045,50,497,0.0254901960784314,0.0112612612612613,0.491215112413795,165,483,0.0529411764705882,0.0371621621621622,72,497,0.0254901960784314,0.0162162162162162,0.660923675618261,87,498,0.0235294117647059,0.0195945945945946,20,504,0.0117647058823529,0.0045045045045045
"29",0.509824129596244,152,472,0.0347648261758691,0.0340730777852499,71,482,0.0143149284253579,0.0159157139654786,0.45753476517673,176,469,0.0408997955010225,0.0394530374355526,90,481,0.016359918200409,0.0201748486886348,0.669665960626968,75,482,0.0143149284253579,0.0168123739071957,23,486,0.00613496932515337,0.00515579466487335
"30",0.563031898854543,143,478,0.0343434343434343,0.0320987654320988,54,491,0.00808080808080808,0.0121212121212121,0.521238269114442,172,476,0.0383838383838384,0.0386083052749719,74,490,0.0101010101010101,0.0166105499438833,0.692382014462097,77,482,0.0262626262626263,0.0172839506172839,15,495,0,0.00336700336700337
"31",0.549421280859054,142,448,0.0281995661605206,0.0316328803742482,46,458,0.00650759219088937,0.0102472711071508,0.545342785031205,150,448,0.0281995661605206,0.0334150144798396,46,458,0.00650759219088937,0.0102472711071508,0.659857457223184,89,454,0.0151843817787419,0.0198262419247048,20,461,0,0.00445533526397861
"32",0.512105306367932,164,479,0.0400801603206413,0.0368456526623231,76,487,0.0240480961923848,0.0170748146483936,0.515111854428796,163,480,0.0380761523046092,0.0366209840485284,73,487,0.0240480961923848,0.0164008088070097,0.702480027002624,77,487,0.0240480961923848,0.0172994832621883,22,496,0.00601202404809619,0.00494270950348236
"33",0.591490345689594,127,485,0.0376984126984127,0.0285650022492128,38,502,0.00396825396825397,0.00854700854700855,0.517700741797521,175,481,0.0456349206349206,0.0393612235717499,59,500,0.00793650793650794,0.0132703553756185,0.680612096904117,83,494,0.0198412698412698,0.0186684660368871,19,504,0,0.00427350427350427
"34",0.596422691797589,126,502,0.0327552986512524,0.028436018957346,43,512,0.0134874759152216,0.00970435567591966,0.489172937528728,176,493,0.0500963391136802,0.0397201534642293,77,507,0.023121387283237,0.0173775671406003,0.677629493497671,83,508,0.0211946050096339,0.0187316632814263,28,515,0.00770712909441233,0.00631911532385466
"35",0.490766689218018,161,459,0.0457380457380457,0.0360259565898411,74,469,0.0249480249480249,0.0165585142089953,0.421296376791012,199,457,0.0498960498960499,0.0445289773998657,90,465,0.0332640332640333,0.0201387334974267,0.609583780250327,111,465,0.0332640332640333,0.024837771313493,39,476,0.0103950103950104,0.00872678451555158
"36",0.565986014062484,124,485,0.0376984126984127,0.0278902384165542,43,497,0.0138888888888889,0.00967161493477283,0.486242571271389,180,478,0.0515873015873016,0.0404858299595142,63,493,0.0218253968253968,0.01417004048583,0.657080145110964,84,489,0.0297619047619048,0.0188933873144399,24,499,0.00992063492063492,0.00539811066126856
"37",0.51157132456659,160,465,0.03125,0.0357941834451902,68,475,0.0104166666666667,0.0152125279642058,0.486498887774593,181,464,0.0333333333333333,0.0404921700223714,74,474,0.0125,0.0165548098434004,0.645286738069045,102,473,0.0145833333333333,0.0228187919463087,27,479,0.00208333333333333,0.00604026845637584
"38",0.545889218679359,138,486,0.0395256916996047,0.0310531053105311,60,501,0.00988142292490119,0.0135013501350135,0.486242157382282,172,479,0.0533596837944664,0.0387038703870387,75,498,0.0158102766798419,0.0168766876687669,0.658445493483329,90,492,0.0276679841897233,0.0202520252025203,21,502,0.00790513833992095,0.00472547254725473
"39",0.609353108528396,115,471,0.0465587044534413,0.0258078994614004,39,484,0.0202429149797571,0.00875224416517056,0.514031789015584,171,467,0.0546558704453441,0.0383752244165171,69,477,0.034412955465587,0.0154847396768402,0.721492170154272,75,481,0.0263157894736842,0.0168312387791741,17,490,0.00809716599190283,0.00381508078994614
"40",0.591236699669672,109,477,0.0324543610547667,0.0244559120484631,42,489,0.00811359026369168,0.00942337895445367,0.501932783990266,163,473,0.0405679513184584,0.0365716849899035,72,485,0.0162271805273834,0.0161543639219206,0.665346024496981,80,483,0.0202839756592292,0.0179492932465784,31,492,0.00202839756592292,0.00695535113304914
"41",0.625139370604131,124,502,0.0346153846153846,0.0279909706546275,37,514,0.0115384615384615,0.00835214446952596,0.563604114015204,149,499,0.0403846153846154,0.0336343115124154,61,510,0.0192307692307692,0.0137697516930023,0.719927047187691,82,509,0.0211538461538462,0.018510158013544,17,517,0.00576923076923077,0.00383747178329571
"42",0.52281519417333,162,508,0.0378787878787879,0.0366350067842605,62,519,0.0170454545454545,0.0140208050655812,0.462526199199351,195,504,0.0454545454545455,0.0440976933514247,78,517,0.0208333333333333,0.0176390773405699,0.680952535009279,87,514,0.0265151515151515,0.019674355495251,28,526,0.00378787878787879,0.00633197648123021
"43",0.548311980659186,145,476,0.0364372469635627,0.03254039497307,52,487,0.01417004048583,0.0116696588868941,0.570664708814249,136,478,0.0323886639676113,0.0305206463195691,45,488,0.0121457489878543,0.0100987432675045,0.71115018736196,78,486,0.0161943319838057,0.0175044883303411,21,492,0.00404858299595142,0.00471274685816876
"44",0.520590875761767,168,453,0.0341151385927505,0.0374916313322919,73,461,0.0170575692963753,0.0162910064717697,0.483822927562622,191,449,0.0426439232409382,0.0426244141932604,80,460,0.0191897654584222,0.0178531577772819,0.657798003787668,105,460,0.0191897654584222,0.0234322695826824,32,466,0.00639658848614072,0.00714126311091274
"45",0.546418035652384,149,498,0.0459770114942529,0.0336495031616983,62,512,0.0191570881226054,0.0140018066847335,0.507808304346159,164,495,0.0517241379310345,0.037037037037037,72,511,0.0210727969348659,0.016260162601626,0.70325410071047,84,512,0.0191570881226054,0.018970189701897,19,518,0.00766283524904215,0.00429087624209575
"46",0.607633472419888,128,486,0.0376237623762376,0.0287964004499438,49,499,0.0118811881188119,0.0110236220472441,0.586741800977994,132,485,0.0396039603960396,0.0296962879640045,58,499,0.0118811881188119,0.0130483689538808,0.74122743532159,68,494,0.0217821782178218,0.0152980877390326,23,504,0.00198019801980198,0.00517435320584927
"47",0.497904735700577,167,449,0.0385438972162741,0.0372518402855231,69,463,0.00856531049250535,0.0153914789203658,0.482685252321497,175,448,0.0406852248394004,0.039036359580638,72,463,0.00856531049250535,0.0160606736560339,0.648698609120303,81,456,0.0235546038543897,0.0180682578630381,27,465,0.00428265524625268,0.00602275262101271
"48",0.460501101184922,184,489,0.0596153846153846,0.0415349887133183,72,508,0.0230769230769231,0.0162528216704289,0.417715431919575,210,487,0.0634615384615385,0.0474040632054176,89,505,0.0288461538461538,0.0200902934537246,0.633235887480183,113,502,0.0346153846153846,0.0255079006772009,36,515,0.00961538461538462,0.00812641083521445
"49",0.553047602781429,149,490,0.0354330708661417,0.0335434488968933,60,501,0.0137795275590551,0.0135074290859973,0.526381530947456,162,486,0.0433070866141732,0.0364700585321927,68,500,0.015748031496063,0.0153084196307969,0.692961617799535,100,493,0.0295275590551181,0.0225123818099955,25,505,0.00590551181102362,0.00562809545249887
"50",0.568765851840107,115,477,0.0363636363636364,0.0258136924803591,50,488,0.0141414141414141,0.0112233445566779,0.51913091841105,147,476,0.0383838383838384,0.032996632996633,56,487,0.0161616161616162,0.0125701459034792,0.669583248777986,71,485,0.0202020202020202,0.0159371492704826,17,492,0.00606060606060606,0.00381593714927048
