"","lambda_rmse","RMSE_either_FP","RMSE_either_FN","RMSE_either_TPR","RMSE_either_TFR","RMSE_both_FP","RMSE_both_FN","RMSE_both_TPR","RMSE_both_TFR","lambda_cv_min","cv_min_either_FP","cv_min_either_FN","cv_min_either_TPR","cv_min_either_TFR","cv_min_both_FP","cv_min_both_FN","cv_min_both_TPR","cv_min_both_TFR","lambda_cv1se","cv1se_either_FP","cv1se_either_FN","cv1se_either_TPR","cv1se_either_TFR","cv1se_both_FP","cv1se_both_FN","cv1se_both_TPR","cv1se_both_TFR"
"1",0.246304492865623,104,470,0.0656063618290258,0.023386552732179,54,478,0.0497017892644135,0.0121430177647852,0.210204153437126,219,443,0.119284294234592,0.0492466831571846,140,459,0.0874751491053678,0.0314818979087025,0.282796975068184,29,481,0.0437375745526839,0.00652125028108837,12,490,0.025844930417495,0.0026984483921745
"2",0.246117127150904,97,453,0.0640495867768595,0.0217196596506941,56,465,0.0392561983471074,0.0125391849529781,0.208487910545734,197,420,0.132231404958678,0.0441110613524407,119,435,0.101239669421488,0.0266457680250784,0.288853893110837,34,468,0.0330578512396694,0.00761307657859382,17,474,0.0206611570247934,0.00380653828929691
"3",0.289607502243197,31,501,0.0328185328185328,0.00699458483754513,15,506,0.0231660231660232,0.00338447653429603,0.225443586794238,146,463,0.106177606177606,0.032942238267148,91,480,0.0733590733590734,0.0205324909747292,0.292801845278925,28,501,0.0328185328185328,0.00631768953068592,14,507,0.0212355212355212,0.00315884476534296
"4",0.276037788234503,40,454,0.0421940928270042,0.00893655049151028,20,464,0.0210970464135021,0.00446827524575514,0.220823912208201,152,430,0.0928270042194093,0.0339588918677391,90,445,0.0611814345991561,0.0201072386058981,0.283237366309015,34,459,0.0316455696202532,0.00759606791778374,17,466,0.0168776371308017,0.00379803395889187
"5",0.25273178465907,86,418,0.0669642857142857,0.0191026210573079,51,427,0.046875,0.0113282985339849,0.202961397368093,212,384,0.142857142857143,0.0470901821412705,143,403,0.100446428571429,0.031763660595291,0.286140747495521,38,432,0.0357142857142857,0.00844069302532208,22,439,0.0200892857142857,0.00488671701466015
"6",0.248952315480748,85,451,0.0758196721311475,0.0190497534737786,60,461,0.055327868852459,0.0134468848050202,0.208669765257606,170,430,0.118852459016393,0.0380995069475571,113,441,0.0963114754098361,0.025324966382788,0.288832067743941,40,468,0.040983606557377,0.00896458987001345,20,476,0.0245901639344262,0.00448229493500672
"7",0.263650074355378,56,501,0.0582706766917293,0.012675418741512,25,511,0.0394736842105263,0.00565866908103214,0.21885743946011,165,470,0.116541353383459,0.0373472159348121,102,488,0.0827067669172932,0.0230873698506111,0.283139214344598,32,512,0.037593984962406,0.00724309642372114,13,518,0.0263157894736842,0.00294250792213671
"8",0.24984256427998,79,433,0.0708154506437768,0.0176181980374665,56,447,0.0407725321888412,0.0124888492417484,0.211286544926274,176,408,0.124463519313305,0.0392506690454951,118,429,0.0793991416309013,0.0263157894736842,0.284920290314231,38,451,0.0321888412017167,0.00847457627118644,23,456,0.0214592274678112,0.00512934879571811
"9",0.244168494834417,106,478,0.0825335892514395,0.0239331677579589,61,494,0.0518234165067179,0.0137728606909009,0.206091267321841,206,449,0.138195777351248,0.0465116279069767,145,469,0.0998080614203455,0.0327387672160759,0.288043693274266,36,502,0.036468330134357,0.00812824565364642,11,506,0.0287907869481766,0.00248363061639196
"10",0.238029093960712,99,487,0.0652591170825336,0.0223526755475277,66,496,0.0479846449136276,0.0149017836983518,0.217446651225641,156,469,0.0998080614203455,0.0352223978324678,107,484,0.0710172744721689,0.0241589523594491,0.276938717212366,42,508,0.0249520153550864,0.00948295326258749,25,513,0.0153550863723608,0.00564461503725446
"11",0.242482208307273,107,476,0.0793036750483559,0.0241371531694112,58,484,0.0638297872340425,0.0130836905030453,0.214928958854915,189,450,0.129593810444874,0.0426347845702684,112,468,0.0947775628626693,0.025265057523122,0.296929147179895,25,496,0.0406189555125725,0.00563952176855403,15,507,0.0193423597678917,0.00338371306113242
"12",0.241732388809506,116,460,0.0818363273453094,0.0260732748932344,76,477,0.0479041916167665,0.0170824904472915,0.210464697462658,218,446,0.109780439121756,0.0489997752303888,136,456,0.0898203592814371,0.0305686671162059,0.279788137641074,49,483,0.0359281437125748,0.0110137109462801,20,493,0.0159680638722555,0.00449539222297145
"13",0.260629298012226,58,504,0.0526315789473684,0.0131281122679946,36,514,0.0338345864661654,0.00814848347668628,0.218691918232172,142,479,0.0996240601503759,0.0321412403802626,83,493,0.0733082706766917,0.0187867813490267,0.288394982073855,28,514,0.0338345864661654,0.006337709370756,9,523,0.0169172932330827,0.00203712086917157
"14",0.285590308189125,27,493,0.0352250489236791,0.00608245100247804,13,502,0.0176125244618395,0.00292858751971165,0.216508990516781,175,456,0.107632093933464,0.0394232935345799,105,468,0.0841487279843444,0.0236539761207479,0.278762898387002,38,491,0.0391389432485323,0.0085604865960802,17,500,0.0215264187866928,0.00382969137193061
"15",0.278601325054452,38,484,0.0415841584158416,0.00854893138357705,19,494,0.0217821782178218,0.00427446569178853,0.221633254605643,144,444,0.120792079207921,0.0323959505061867,88,459,0.0910891089108911,0.0197975253093363,0.290418694288542,25,488,0.0336633663366337,0.00562429696287964,11,498,0.0138613861386139,0.00247469066366704
"16",0.266620735710296,36,472,0.0425963488843813,0.00807718196096029,17,482,0.0223123732251521,0.00381422481489791,0.218790877797952,144,438,0.111561866125761,0.0323087278438412,85,460,0.0669371196754564,0.0190711240744896,0.279745347437895,26,478,0.0304259634888438,0.00583352030513799,9,486,0.0141987829614604,0.00201929549024007
"17",0.267627426115811,51,472,0.0541082164328657,0.0114580993035273,24,478,0.0420841683366733,0.00539204673107167,0.220677835922828,137,443,0.112224448897796,0.0307796000898674,87,457,0.0841683366733467,0.0195461694001348,0.29008615694021,26,480,0.0380761523046092,0.00584138395866097,14,488,0.0220440881763527,0.00314536059312514
"18",0.250798987707334,76,441,0.0495689655172414,0.016941596076683,43,446,0.0387931034482759,0.00958537672759697,0.216731218889956,166,423,0.0883620689655172,0.0370040124832813,101,434,0.0646551724137931,0.0225144895229603,0.287622308442041,36,450,0.0301724137931034,0.00802496656263932,18,456,0.0172413793103448,0.00401248328131966
"19",0.256675129751022,71,458,0.05175983436853,0.0158943362435639,40,464,0.0393374741200828,0.00895455563017685,0.215439476707952,159,435,0.0993788819875776,0.035594358629953,103,451,0.0662525879917184,0.0230579807477054,0.286203795467394,33,466,0.0351966873706004,0.0073875083948959,11,471,0.0248447204968944,0.00246250279829863
"20",0.258707624502892,42,437,0.0581896551724138,0.00936246098974588,34,446,0.0387931034482759,0.00757913508693714,0.21546308812044,133,407,0.122844827586207,0.0296477931341953,84,418,0.0991379310344828,0.0187249219794918,0.282242837766683,29,448,0.0344827586206897,0.00646455639768168,21,454,0.021551724137931,0.00468123049487294
"21",0.249595069013444,99,482,0.0640776699029126,0.0223224351747463,59,491,0.0466019417475728,0.0133032694475761,0.209152050452778,212,452,0.122330097087379,0.0478015783540023,136,468,0.0912621359223301,0.0306651634723788,0.284253117172037,45,500,0.029126213592233,0.0101465614430665,26,502,0.0252427184466019,0.00586245772266065
"22",0.27930099399107,33,502,0.0401529636711281,0.00745425796250282,16,509,0.0267686424474187,0.00361418567878925,0.211597341101698,183,465,0.110898661567878,0.041337248701152,118,478,0.0860420650095602,0.0266546193810707,0.285434021122442,27,505,0.0344168260038241,0.00609893833295686,12,511,0.0229445506692161,0.00271063925909194
"23",0.241465208573989,94,428,0.0951374207188161,0.0209962028143846,52,445,0.0591966173361522,0.0116149207058298,0.212375607653312,176,408,0.137420718816068,0.0393120393120393,107,422,0.107822410147992,0.0238999329908421,0.281845403798236,38,455,0.0380549682875264,0.00848782666964485,19,465,0.0169133192389006,0.00424391333482243
"24",0.250910773006121,70,443,0.0654008438818565,0.015638963360143,34,449,0.0527426160337553,0.00759606791778374,0.219262390658877,142,426,0.10126582278481,0.0317247542448615,93,438,0.0759493670886076,0.0207774798927614,0.281540033679002,28,454,0.0421940928270042,0.00625558534405719,12,462,0.0253164556962025,0.00268096514745308
"25",0.251058219934211,87,426,0.0838709677419355,0.0193979933110368,49,441,0.0516129032258065,0.0109253065774805,0.209315727594288,184,401,0.137634408602151,0.041025641025641,119,417,0.103225806451613,0.0265328874024526,0.296092305457258,26,446,0.0408602150537634,0.00579710144927536,17,453,0.0258064516129032,0.00379041248606466
"26",0.259867979425968,54,454,0.038135593220339,0.0120589548905761,29,457,0.0317796610169492,0.0064761054041983,0.210335571333532,176,425,0.0995762711864407,0.0393032603841,125,442,0.0635593220338983,0.0279142474318892,0.280123850363321,31,457,0.0317796610169492,0.00692273336310853,17,462,0.0211864406779661,0.00379633765073694
"27",0.255999151562742,75,466,0.0411522633744856,0.0168010752688172,46,471,0.0308641975308642,0.0103046594982079,0.219293260091435,160,444,0.0864197530864197,0.03584229390681,110,458,0.0576131687242798,0.0246415770609319,0.278405234732709,37,475,0.0226337448559671,0.00828853046594982,22,480,0.0123456790123457,0.00492831541218638
"28",0.261443434857789,62,445,0.0471092077087794,0.0138300245371403,38,452,0.0321199143468951,0.00847646665179567,0.220274690834696,153,423,0.0942184154175589,0.0341289315190721,101,432,0.0749464668094218,0.0225295561008253,0.299544525072066,26,455,0.0256959314775161,0.00579968770912336,10,457,0.0214132762312634,0.0022306491188936
"29",0.25867236221021,74,484,0.0396825396825397,0.0166441745389114,42,491,0.0257936507936508,0.00944669365721997,0.212101810465762,185,455,0.0972222222222222,0.0416104363472784,135,465,0.0773809523809524,0.0303643724696356,0.282583243930947,42,493,0.0218253968253968,0.00944669365721997,19,496,0.0158730158730159,0.00427350427350427
"30",0.250843102114005,80,489,0.0541586073500967,0.0180464696593729,46,499,0.034816247582205,0.0103767200541394,0.212684969111379,186,468,0.0947775628626693,0.041958041958042,129,484,0.0638297872340425,0.0290999323257388,0.275076106973522,41,502,0.0290135396518375,0.0092488157004286,19,511,0.011605415860735,0.00428603654410106
"31",0.279407364553261,39,482,0.0321285140562249,0.00876010781671159,20,489,0.0180722891566265,0.00449236298292902,0.212810068008064,184,439,0.118473895582329,0.041329739442947,116,455,0.0863453815261044,0.0260557053009883,0.282005321287366,37,483,0.0301204819277108,0.00831087151841869,17,489,0.0180722891566265,0.00381850853548967
"32",0.250768404208128,86,484,0.0638297872340425,0.0193999548838259,44,493,0.04642166344294,0.00992555831265509,0.214333154644935,185,450,0.129593810444874,0.0417324610872998,118,474,0.0831721470019342,0.026618542747575,0.298709999578499,26,499,0.034816247582205,0.00586510263929619,12,504,0.0251450676982592,0.00270697044890593
"33",0.26086869804201,55,464,0.037344398340249,0.0123097582811101,33,472,0.020746887966805,0.00738585496866607,0.215200103225854,169,437,0.0933609958506224,0.0378245299910474,106,448,0.0705394190871369,0.0237242614145031,0.278523974541885,39,468,0.029045643153527,0.00872873769024172,20,473,0.0186721991701245,0.0044762757385855
"34",0.270178853868034,41,489,0.0355029585798817,0.0092279990997074,20,494,0.0256410256410256,0.00450146297546703,0.223514093216405,122,468,0.0769230769230769,0.0274589241503489,78,482,0.0493096646942801,0.0175557056043214,0.282155461104215,31,492,0.029585798816568,0.00697726761197389,17,497,0.019723865877712,0.00382624352914697
"35",0.25068220178882,95,466,0.0642570281124498,0.0213387241689128,57,480,0.036144578313253,0.0128032345013477,0.21016513962655,197,443,0.110441767068273,0.0442497753818509,138,456,0.0843373493975904,0.0309973045822102,0.293663029599891,36,485,0.0261044176706827,0.00808625336927224,19,490,0.0160642570281124,0.00426774483378257
"36",0.252157678845469,75,451,0.0404255319148936,0.0167410714285714,50,459,0.0234042553191489,0.0111607142857143,0.215687534435705,189,432,0.0808510638297872,0.0421875,111,445,0.0531914893617021,0.0247767857142857,0.278176624182943,35,459,0.0234042553191489,0.0078125,22,462,0.0170212765957447,0.00491071428571429
"37",0.248828811404756,92,471,0.0617529880478088,0.0206834532374101,62,484,0.0358565737051793,0.0139388489208633,0.205686516103807,215,442,0.119521912350598,0.0483363309352518,143,457,0.0896414342629482,0.0321492805755396,0.292214967049247,36,489,0.0258964143426295,0.00809352517985612,19,492,0.0199203187250996,0.00427158273381295
"38",0.260234785448292,83,440,0.055793991416309,0.0185102586975914,55,448,0.0386266094420601,0.0122658340767172,0.206385419164782,219,414,0.111587982832618,0.0488403211418376,152,426,0.0858369098712446,0.0338983050847458,0.293553084733849,36,453,0.0278969957081545,0.008028545941124,17,459,0.0150214592274678,0.00379125780553078
"39",0.243881458988265,89,458,0.084,0.02,49,470,0.06,0.0110112359550562,0.213826717580898,168,438,0.124,0.037752808988764,111,453,0.094,0.0249438202247191,0.290896325797938,21,481,0.038,0.00471910112359551,10,487,0.026,0.00224719101123596
"40",0.263321261628577,48,452,0.0602910602910603,0.0107406578652943,28,460,0.0436590436590437,0.00626538375475498,0.217418530957071,161,423,0.120582120582121,0.0360259565898411,102,434,0.0977130977130977,0.0228238979637503,0.283197040065207,35,459,0.0457380457380457,0.00783172969344372,17,468,0.027027027027027,0.00380398299395838
"41",0.260088565495963,67,481,0.0660194174757282,0.0151071025930101,37,494,0.0407766990291262,0.00834272829763247,0.220760103300507,145,454,0.118446601941748,0.0326944757609921,99,473,0.0815533980582524,0.0223224351747463,0.291378524673468,32,498,0.0330097087378641,0.00721533258173619,15,505,0.0194174757281553,0.00338218714768884
"42",0.243925229187435,106,461,0.051440329218107,0.0237455197132616,66,466,0.0411522633744856,0.0147849462365591,0.211959652225321,202,435,0.104938271604938,0.0452508960573477,129,451,0.0720164609053498,0.0288978494623656,0.29661454933519,34,475,0.0226337448559671,0.00761648745519713,14,479,0.01440329218107,0.00313620071684588
"43",0.26158071382288,60,476,0.0555555555555556,0.0134952766531714,33,488,0.0317460317460317,0.00742240215924426,0.21409900344598,169,448,0.111111111111111,0.0380116959064327,99,462,0.0833333333333333,0.0222672064777328,0.278786696017995,37,487,0.0337301587301587,0.00832208726945569,20,492,0.0238095238095238,0.00449842555105713
"44",0.259725787071406,55,495,0.0406976744186047,0.012404149751917,35,504,0.0232558139534884,0.007893549842129,0.220465508932448,143,470,0.0891472868217054,0.0322507893549842,87,482,0.0658914728682171,0.0196211096075778,0.292870667256072,31,506,0.0193798449612403,0.0069914298601714,20,512,0.00775193798449612,0.004510599909788
"45",0.265348922824239,50,467,0.0527383367139959,0.0112183082791115,26,474,0.0385395537525355,0.00583352030513799,0.222883767571526,132,447,0.0933062880324544,0.0296163338568544,78,462,0.0628803245436105,0.017500560915414,0.28213606195894,29,476,0.0344827586206897,0.00650661880188468,15,481,0.0243407707910751,0.00336549248373345
"46",0.252300300332458,76,497,0.0657894736842105,0.0172023540063377,43,506,0.0488721804511278,0.00973291081937528,0.216610676603391,172,476,0.105263157894737,0.0389316432775011,108,491,0.0770676691729323,0.0244454504300589,0.283624125274943,35,511,0.0394736842105263,0.007922136713445,19,519,0.0244360902255639,0.00430058850158443
"47",0.246301270092425,90,439,0.0699152542372881,0.0200982581509602,52,450,0.0466101694915254,0.0116123269316659,0.210497363871731,180,416,0.11864406779661,0.0401965163019205,121,429,0.0911016949152542,0.0270209915140688,0.283067124420627,33,452,0.0423728813559322,0.00736936132201876,16,459,0.0275423728813559,0.00357302367128182
"48",0.25357462972097,81,453,0.0736196319018405,0.0181573638197714,47,471,0.0368098159509202,0.010535754315176,0.219954645441406,160,434,0.112474437627812,0.0358663976686842,109,448,0.0838445807770961,0.0244339834117911,0.285754619097681,33,471,0.0368098159509202,0.00739744451916611,14,479,0.0204498977505112,0.00313830979600986
"49",0.244832528891162,100,470,0.0674603174603175,0.0224921277552857,58,485,0.0376984126984127,0.0130454340980657,0.213164242768302,189,448,0.111111111111111,0.0425101214574899,126,461,0.0853174603174603,0.0283400809716599,0.289557741920733,38,488,0.0317460317460317,0.00854700854700855,20,497,0.0138888888888889,0.00449842555105713
"50",0.252943705054555,65,470,0.06187624750499,0.0146100247246572,37,476,0.0499001996007984,0.00831647561249719,0.212913038340402,167,441,0.119760479041916,0.0375365250618116,118,455,0.0918163672654691,0.0265228141155316,0.280249784838879,34,480,0.0419161676646707,0.00764216677905147,17,489,0.0239520958083832,0.00382108338952574
