"","lambda_rmse","RMSE_either_FP","RMSE_either_FN","RMSE_either_TPR","RMSE_either_TFR","RMSE_both_FP","RMSE_both_FN","RMSE_both_TPR","RMSE_both_TFR","lambda_cv_min","cv_min_either_FP","cv_min_either_FN","cv_min_either_TPR","cv_min_either_TFR","cv_min_both_FP","cv_min_both_FN","cv_min_both_TPR","cv_min_both_TFR","lambda_cv1se","cv1se_either_FP","cv1se_either_FN","cv1se_either_TPR","cv1se_either_TFR","cv1se_both_FP","cv1se_both_FN","cv1se_both_TPR","cv1se_both_TFR"
"1",0.0536344306087271,480,73,0.854870775347913,0.10793793568698,354,91,0.819085487077535,0.0796042275691477,0.041927507964293,899,37,0.926441351888668,0.20215875871374,704,48,0.904572564612326,0.158308972340904,0.116721806466397,2,394,0.216699801192843,0.00044974139869575,2,409,0.186878727634195,0.00044974139869575
"2",0.0531002506970749,482,55,0.884696016771488,0.107757657053432,352,75,0.842767295597484,0.0786943885535435,0.0415100957700848,923,24,0.949685534591195,0.206349206349206,699,34,0.928721174004193,0.15627095908786,0.112450341687465,5,352,0.262054507337526,0.00111781801922647,5,365,0.234800838574423,0.00111781801922647
"3",0.0483485954074535,668,61,0.88468809073724,0.151097036869487,482,80,0.848771266540643,0.109025107441755,0.0389550450950472,1086,37,0.930056710775047,0.245645781497399,823,52,0.901701323251418,0.186156978059263,0.112696994041882,4,391,0.260869565217391,0.000904772675865189,3,403,0.238185255198488,0.000678579506898892
"4",0.0499951470556767,575,57,0.888671875,0.129562866155926,425,84,0.8359375,0.0957638575935106,0.0411093013447162,962,34,0.93359375,0.216764308246958,721,50,0.90234375,0.162460567823344,0.112575209237358,4,397,0.224609375,0.000901306894997747,3,411,0.197265625,0.00067598017124831
"5",0.0520885172254149,518,67,0.873345935727788,0.117168061524542,392,89,0.831758034026465,0.0886677222347885,0.0406481978821114,964,37,0.930056710775047,0.218050214883511,739,48,0.909262759924386,0.167156751866094,0.107747986536508,7,360,0.319470699432892,0.00158335218276408,6,376,0.289224952741021,0.00135715901379778
"6",0.0505904114395629,591,70,0.861932938856016,0.133018230925051,440,84,0.834319526627219,0.0990321854602746,0.0417753334388711,950,43,0.915187376725838,0.213819491334684,717,55,0.891518737672584,0.161377447670493,0.117047706925678,6,403,0.205128205128205,0.00135043889264011,2,417,0.177514792899408,0.000450146297546703
"7",0.06004317614541,307,92,0.812244897959184,0.0688340807174888,220,118,0.759183673469388,0.0493273542600897,0.0419245742988076,923,39,0.920408163265306,0.20695067264574,683,46,0.906122448979592,0.153139013452915,0.112963436556854,4,368,0.248979591836735,0.000896860986547085,4,384,0.216326530612245,0.000896860986547085
"8",0.0507707432815823,576,59,0.887619047619048,0.130169491525424,438,84,0.84,0.0989830508474576,0.0399889237772765,999,34,0.935238095238095,0.225762711864407,764,46,0.912380952380952,0.172655367231638,0.114150243207132,5,380,0.276190476190476,0.00112994350282486,5,395,0.247619047619048,0.00112994350282486
"9",0.0588466367117985,320,95,0.793926247288503,0.0712853642236578,244,111,0.759219088937093,0.0543550902205391,0.0432318948857302,828,37,0.919739696312364,0.184450879928715,635,52,0.887201735357918,0.141456894631321,0.11373864491964,0,370,0.197396963123644,0,0,382,0.171366594360087,0
"10",0.0533171193037843,470,69,0.858316221765914,0.10531032937486,334,81,0.833675564681725,0.074837553215326,0.0424954641354559,888,41,0.915811088295688,0.19896930315931,643,51,0.895277207392197,0.144073493166032,0.114202893295593,3,367,0.246406570841889,0.000672193591754425,1,386,0.207392197125257,0.000224064530584808
"11",0.0543953566740902,480,78,0.837160751565762,0.107358532766719,370,98,0.795407098121086,0.0827555356743458,0.0413460388352505,939,44,0.908141962421712,0.210020129724894,740,53,0.889352818371608,0.165511071348692,0.11627565336162,4,383,0.200417536534447,0.000894654439722657,4,396,0.173277661795407,0.000894654439722657
"12",0.0571632184063509,353,73,0.854,0.0793258426966292,268,92,0.816,0.0602247191011236,0.0408726924961759,891,31,0.938,0.200224719101124,670,39,0.922,0.150561797752809,0.116150216595816,4,391,0.218,0.000898876404494382,2,403,0.194,0.000449438202247191
"13",0.0545516188884489,436,76,0.850098619329389,0.0981318928651812,315,101,0.800788954635108,0.0708980418636057,0.0436052216260319,817,43,0.915187376725838,0.183884762547828,596,55,0.891518737672584,0.134143596668917,0.115207673024244,2,405,0.201183431952663,0.000450146297546703,0,421,0.169625246548323,0
"14",0.0520117022507213,548,61,0.877510040160643,0.123090745732255,403,71,0.857429718875502,0.0905211141060198,0.0405718884883451,995,40,0.919678714859438,0.223495058400719,763,50,0.899598393574297,0.171383647798742,0.108856822897782,4,335,0.327309236947791,0.000898472596585804,4,355,0.28714859437751,0.000898472596585804
"15",0.0539412677660661,468,84,0.830645161290323,0.105074090704984,350,106,0.786290322580645,0.078581050740907,0.0436381495247473,870,46,0.907258064516129,0.195330040413112,647,62,0.875,0.145262685226762,0.118303016710658,2,388,0.217741935483871,0.000449034575662326,2,403,0.1875,0.000449034575662326
"16",0.0507443962315025,555,57,0.892655367231638,0.125594025797692,422,77,0.854990583804143,0.0954967187146413,0.0392124207109037,1023,29,0.945386064030132,0.231500339443313,775,41,0.922787193973635,0.175379045032813,0.109522929429287,6,373,0.297551789077213,0.00135777325186694,5,386,0.273069679849341,0.00113147770988912
"17",0.0524986413669214,533,58,0.881632653061225,0.119506726457399,372,76,0.844897959183673,0.0834080717488789,0.0417504960656151,954,36,0.926530612244898,0.21390134529148,724,45,0.908163265306122,0.162331838565022,0.11897042710091,0,404,0.175510204081633,0,0,413,0.157142857142857,0
"18",0.0540233245614743,427,71,0.851464435146444,0.0954830053667263,311,89,0.813807531380753,0.0695438282647585,0.0413728702240649,889,38,0.920502092050209,0.198792486583184,678,51,0.893305439330544,0.151610017889088,0.118054060532867,3,381,0.202928870292887,0.000670840787119857,1,393,0.177824267782427,0.000223613595706619
"19",0.059272501045446,341,89,0.813025210084034,0.0762181493071077,254,103,0.783613445378151,0.0567724631202503,0.0421076714575839,891,39,0.918067226890756,0.19915064818954,681,50,0.894957983193277,0.152212784979884,0.117373703015936,1,380,0.201680672268908,0.000223513634331694,0,393,0.17436974789916,0
"20",0.0565278676132515,369,93,0.816568047337278,0.0830519918973666,263,105,0.792899408284024,0.0591942381273914,0.0450461599532787,734,48,0.905325443786982,0.16520369119964,531,71,0.859960552268245,0.11951384199865,0.118441381080446,5,411,0.189349112426035,0.00112536574386676,3,422,0.167652859960552,0.000675219446320054
"21",0.0521388125415935,531,75,0.850299401197605,0.119352663519892,390,95,0.810379241516966,0.0876601483479434,0.0422794481868531,919,47,0.906187624750499,0.206563272645538,687,60,0.880239520958084,0.154416722859069,0.113119144403772,5,386,0.229540918163673,0.00112384805574286,3,402,0.197604790419162,0.000674308833445718
"22",0.0481934929415209,686,45,0.90625,0.153467561521253,513,53,0.889583333333333,0.114765100671141,0.0402173766621585,1023,32,0.933333333333333,0.228859060402685,779,38,0.920833333333333,0.17427293064877,0.109471585708193,3,341,0.289583333333333,0.000671140939597315,2,354,0.2625,0.000447427293064877
"23",0.0500509518452257,587,59,0.884765625,0.132266786840919,429,73,0.857421875,0.0966651644885083,0.0403240457621377,988,36,0.9296875,0.222622803064443,741,43,0.916015625,0.166967102298333,0.108092501825738,5,354,0.30859375,0.00112663361874718,4,368,0.28125,0.000901306894997747
"24",0.0483026289588079,631,57,0.88953488372093,0.142309427153811,455,66,0.872093023255814,0.102616147947677,0.0405998826471929,964,37,0.928294573643411,0.217410915651782,741,49,0.905038759689923,0.167117726657645,0.107440583787307,10,351,0.319767441860465,0.002255299954894,5,369,0.284883720930233,0.001127649977447
"25",0.0490050375523198,631,50,0.898785425101215,0.141606822262118,465,57,0.884615384615385,0.10435368043088,0.0415354916869732,940,34,0.931174089068826,0.210951526032316,714,47,0.904858299595142,0.160233393177738,0.111894492249443,6,348,0.295546558704453,0.00134649910233393,4,365,0.261133603238866,0.000897666068222621
"26",0.0519014806839647,533,50,0.894736842105263,0.119106145251397,374,73,0.846315789473684,0.0835754189944134,0.0430828773873631,848,31,0.934736842105263,0.189497206703911,649,45,0.905263157894737,0.145027932960894,0.115370813577424,6,367,0.227368421052632,0.00134078212290503,3,372,0.216842105263158,0.000670391061452514
"27",0.0545479884301845,421,66,0.860169491525424,0.094015185350603,314,82,0.826271186440678,0.0701205895489058,0.0416481099995454,881,33,0.930084745762712,0.196739615899955,653,48,0.898305084745763,0.145824028584189,0.113690118058213,4,348,0.26271186440678,0.000893255917820456,1,356,0.245762711864407,0.000223313979455114
"28",0.0574305584799382,377,84,0.831325301204819,0.084681042228212,277,103,0.793172690763052,0.0622192273135669,0.0425506088498301,906,41,0.917670682730924,0.203504043126685,674,59,0.881526104417671,0.151392632524708,0.111060482388674,6,358,0.281124497991968,0.00134770889487871,6,378,0.240963855421687,0.00134770889487871
"29",0.0551202083693649,425,80,0.83739837398374,0.0953342305966801,310,96,0.804878048780488,0.069537909376402,0.0431941852159548,868,49,0.900406504065041,0.194706146253926,655,63,0.871951219512195,0.146926873037236,0.11155393198556,4,362,0.264227642276423,0.000897263346792284,3,374,0.239837398373984,0.000672947510094213
"30",0.0524020016509779,524,77,0.839248434237996,0.117199731603668,397,96,0.799582463465553,0.0887944531424737,0.0428607808500495,868,51,0.893528183716075,0.194140013419817,657,62,0.870563674321503,0.146946991724446,0.11627852087487,2,375,0.217118997912317,0.000447327219861329,2,392,0.181628392484342,0.000447327219861329
"31",0.0539082857885473,409,62,0.871101871101871,0.0915193555605281,326,80,0.833679833679834,0.0729469680017901,0.0460499569415968,683,36,0.925155925155925,0.152830610874916,500,51,0.893970893970894,0.111881852763482,0.119206058967549,3,409,0.14968814968815,0.000671291116580891,2,419,0.128898128898129,0.000447527411053927
"32",0.0510574354095333,560,55,0.89065606361829,0.12592759163481,422,74,0.852882703777336,0.0948954351248032,0.0403824460140692,971,26,0.94831013916501,0.218349449066787,738,35,0.930417495029821,0.165954576118732,0.114513373395006,1,390,0.224652087475149,0.000224870699347875,0,404,0.196819085487078,0
"33",0.0520712750054877,513,62,0.876,0.115280898876404,387,83,0.834,0.0869662921348315,0.0412696708215097,931,37,0.926,0.209213483146067,715,51,0.898,0.160674157303371,0.113298947058073,4,385,0.23,0.000898876404494382,2,398,0.204,0.000449438202247191
"34",0.0533468644811792,492,73,0.851626016260163,0.110363391655451,376,91,0.815040650406504,0.0843427545984747,0.042297455108281,896,38,0.922764227642276,0.200986989681472,697,53,0.892276422764228,0.156348138178555,0.111756886826219,6,364,0.260162601626016,0.00134589502018843,5,381,0.225609756097561,0.00112157918349035
"35",0.0520473860623504,488,57,0.885311871227364,0.10958904109589,369,77,0.845070422535211,0.0828654839434089,0.0430111781399984,837,30,0.939637826961771,0.187963170896025,608,41,0.917505030181087,0.136537165955536,0.118903697086192,6,394,0.207243460764588,0.00134740624298226,4,404,0.187122736418511,0.000898270828654839
"36",0.0554585163019338,469,76,0.853846153846154,0.105869074492099,340,91,0.825,0.0767494356659142,0.0423273197449194,919,34,0.934615384615385,0.20744920993228,705,51,0.901923076923077,0.159142212189616,0.10911538210954,6,369,0.290384615384615,0.00135440180586907,4,388,0.253846153846154,0.00090293453724605
"37",0.0553975988604108,427,71,0.855983772819473,0.0958043527036123,326,92,0.813387423935091,0.073143369979807,0.040013127215233,1003,28,0.943204868154158,0.225039264078977,757,35,0.929006085192698,0.169845187345748,0.112541919969428,6,359,0.271805273833671,0.00134619699349338,5,378,0.233265720081136,0.00112183082791115
"38",0.0536835032735678,455,66,0.866666666666667,0.102132435465769,321,84,0.83030303030303,0.0720538720538721,0.0409705108141086,926,34,0.931313131313131,0.207856341189675,699,40,0.919191919191919,0.156902356902357,0.113486105630826,4,367,0.258585858585859,0.000897867564534231,4,376,0.24040404040404,0.000897867564534231
"39",0.0532125534471905,480,65,0.868421052631579,0.107719928186715,358,80,0.838056680161943,0.0803411131059246,0.0431395043412545,873,43,0.912955465587045,0.195915619389587,633,51,0.896761133603239,0.14205565529623,0.118322114297678,4,398,0.194331983805668,0.000897666068222621,1,407,0.176113360323887,0.000224416517055655
"40",0.0559791207170571,422,80,0.827956989247312,0.0940914158305463,316,100,0.78494623655914,0.0704570791527313,0.0410794696586938,939,42,0.909677419354839,0.209364548494983,709,53,0.886021505376344,0.158082497212932,0.114719882342571,5,364,0.217204301075269,0.00111482720178372,5,378,0.187096774193548,0.00111482720178372
"41",0.056936264019588,384,68,0.858627858627859,0.085925262922354,274,88,0.817047817047817,0.061311255314388,0.0415574888506123,934,25,0.948024948024948,0.208995300962184,698,43,0.910602910602911,0.156187066457821,0.111854118477862,7,345,0.282744282744283,0.00156634593868874,5,369,0.232848232848233,0.00111881852763482
"42",0.0554469996845685,440,80,0.831223628691983,0.098302055406613,316,91,0.808016877637131,0.0705987488829312,0.0431409780428491,846,45,0.905063291139241,0.189008042895442,660,56,0.881856540084388,0.14745308310992,0.115233706276724,3,362,0.236286919831224,0.000670241286863271,3,378,0.20253164556962,0.000670241286863271
"43",0.0492805869610821,645,43,0.910041841004184,0.144230769230769,480,56,0.882845188284519,0.107334525939177,0.0411104260409317,968,25,0.947698744769874,0.216457960644007,744,34,0.928870292887029,0.166368515205725,0.112477544895359,5,364,0.238493723849372,0.00111806797853309,3,380,0.205020920502092,0.000670840787119857
"44",0.0481654716695127,659,61,0.878727634194831,0.14818979087025,481,73,0.854870775347913,0.108162806386328,0.0412586113847625,960,39,0.922465208747515,0.21587587137396,723,58,0.884691848906561,0.162581515628514,0.109271227565797,8,366,0.272365805168986,0.001798965594783,5,381,0.242544731610338,0.00112435349673937
"45",0.0534090131125607,508,72,0.862068965517241,0.114724480578139,365,86,0.835249042145594,0.0824299909665763,0.0419965071260187,936,37,0.92911877394636,0.211382113821138,701,49,0.906130268199234,0.158310749774164,0.111133783641795,3,391,0.25095785440613,0.000677506775067751,3,407,0.220306513409962,0.000677506775067751
"46",0.0538407848310986,500,72,0.853061224489796,0.112107623318386,372,90,0.816326530612245,0.0834080717488789,0.0414232645503139,968,34,0.930612244897959,0.217040358744395,734,46,0.906122448979592,0.16457399103139,0.116936235746281,3,390,0.204081632653061,0.000672645739910314,2,405,0.173469387755102,0.000448430493273543
"47",0.054439462616926,446,76,0.844897959183673,0.1,319,101,0.793877551020408,0.07152466367713,0.0424982059160785,862,39,0.920408163265306,0.193273542600897,648,53,0.891836734693878,0.145291479820628,0.115324553659731,4,372,0.240816326530612,0.000896860986547085,1,380,0.224489795918367,0.000224215246636771
"48",0.0548890679909522,457,79,0.841046277665996,0.102627442173815,344,98,0.802816901408451,0.0772512912643162,0.0400899734902959,1012,40,0.919517102615694,0.227262519649674,788,52,0.895372233400402,0.176959353245003,0.114439417432813,3,385,0.225352112676056,0.00067370312149113,2,402,0.191146881287726,0.00044913541432742
"49",0.054957472901497,405,66,0.873804971319312,0.0914840749943528,309,80,0.847036328871893,0.0697989609216173,0.0405305342185112,972,34,0.934990439770555,0.219561779986447,734,44,0.915869980879541,0.165800768014457,0.111314140540966,2,373,0.286806883365201,0.000451773209848656,1,396,0.24282982791587,0.000225886604924328
"50",0.0521103810985187,516,65,0.875239923224568,0.116504854368932,384,86,0.834932821497121,0.0867012869722285,0.0413781276409814,944,38,0.927063339731286,0.213140663806728,703,50,0.904030710172745,0.158726574847595,0.112580995394217,12,405,0.222648752399232,0.00270941521788214,8,425,0.18426103646833,0.00180627681192143
