"","lambda_rmse","RMSE_either_FP","RMSE_either_FN","RMSE_either_TPR","RMSE_either_TFR","RMSE_both_FP","RMSE_both_FN","RMSE_both_TPR","RMSE_both_TFR","lambda_cv_min","cv_min_either_FP","cv_min_either_FN","cv_min_either_TPR","cv_min_either_TFR","cv_min_both_FP","cv_min_both_FN","cv_min_both_TPR","cv_min_both_TFR","lambda_cv1se","cv1se_either_FP","cv1se_either_FN","cv1se_either_TPR","cv1se_either_TFR","cv1se_both_FP","cv1se_both_FN","cv1se_both_TPR","cv1se_both_TFR"
"1",0.0158217652441914,14,0,1,0.0828402366863905,12,0,1,0.0710059171597633,0.0134515024866381,26,0,1,0.153846153846154,20,0,1,0.118343195266272,0.0713872152089451,0,4,0.80952380952381,0,0,5,0.761904761904762,0
"2",0.0134934505627534,25,0,1,0.145348837209302,24,0,1,0.13953488372093,0.0130979993270617,29,0,1,0.168604651162791,25,0,1,0.145348837209302,0.071201528010305,0,1,0.944444444444444,0,0,1,0.944444444444444,0
"3",0.0176800667486761,13,0,1,0.0714285714285714,11,0,1,0.0604395604395604,0.016454488304181,16,0,1,0.0879120879120879,15,0,1,0.0824175824175824,0.0517982359022068,0,0,1,0,0,0,1,0
"4",0.01462876177768,31,0,1,0.176136363636364,27,0,1,0.153409090909091,0.0141522682893236,34,0,1,0.193181818181818,29,0,1,0.164772727272727,0.0615881849873712,0,0,1,0,0,0,1,0
"5",0.0138419485354167,29,0,1,0.170588235294118,24,0,1,0.141176470588235,0.0127455760818002,38,0,1,0.223529411764706,32,0,1,0.188235294117647,0.0703538819062273,0,2,0.9,0,0,2,0.9,0
"6",0.0113263524597271,66,0,1,0.392857142857143,58,0,1,0.345238095238095,0.0122445230476853,58,0,1,0.345238095238095,48,0,1,0.285714285714286,0.0690166234745793,0,1,0.954545454545455,0,0,1,0.954545454545455,0
"7",0.0136750475009646,39,0,1,0.221590909090909,32,0,1,0.181818181818182,0.0141794454173731,35,0,1,0.198863636363636,29,0,1,0.164772727272727,0.0710272860428532,0,2,0.857142857142857,0,0,2,0.857142857142857,0
"8",0.0158010842202513,24,0,1,0.138728323699422,20,0,1,0.115606936416185,0.0131766751108296,35,0,1,0.202312138728324,34,0,1,0.196531791907514,0.068232604816547,0,1,0.941176470588235,0,0,1,0.941176470588235,0
"9",0.0128476615154673,39,0,1,0.236363636363636,32,0,1,0.193939393939394,0.0116522977125381,42,0,1,0.254545454545455,40,0,1,0.242424242424242,0.0669271135443237,0,3,0.88,0,0,4,0.84,0
"10",0.0138200084738837,33,0,1,0.195266272189349,25,0,1,0.14792899408284,0.0112661516611044,45,0,1,0.266272189349112,40,0,1,0.236686390532544,0.0625878581678616,0,0,1,0,0,0,1,0
"11",0.0163773684794822,14,0,1,0.0848484848484849,13,0,1,0.0787878787878788,0.0119547759806253,36,0,1,0.218181818181818,30,0,1,0.181818181818182,0.0629314895956944,0,1,0.96,0,0,2,0.92,0
"12",0.016988713630492,22,0,1,0.127167630057803,18,0,1,0.104046242774566,0.0111261373293115,67,0,1,0.38728323699422,62,0,1,0.358381502890173,0.068391424861306,0,0,1,0,0,0,1,0
"13",0.017670966968551,19,0,1,0.107954545454545,18,0,1,0.102272727272727,0.0134142053561591,43,0,1,0.244318181818182,35,0,1,0.198863636363636,0.0711157619231866,0,2,0.857142857142857,0,0,2,0.857142857142857,0
"14",0.0155732061500254,21,0,1,0.121387283236994,18,0,1,0.104046242774566,0.0152712794488735,22,0,1,0.127167630057803,19,0,1,0.109826589595376,0.0646810683070634,0,1,0.941176470588235,0,0,1,0.941176470588235,0
"15",0.0159744083187418,21,0,1,0.12,19,0,1,0.108571428571429,0.0138524534594716,30,0,1,0.171428571428571,28,0,1,0.16,0.0652069560958027,0,0,1,0,0,0,1,0
"16",0.0170797343115299,15,0,1,0.0852272727272727,11,0,1,0.0625,0.0150675179832542,24,0,1,0.136363636363636,19,0,1,0.107954545454545,0.0725855093978735,0,1,0.928571428571429,0,0,2,0.857142857142857,0
"17",0.0145366694134082,28,0,1,0.165680473372781,24,0,1,0.142011834319527,0.0119290514500146,45,0,1,0.266272189349112,40,0,1,0.236686390532544,0.0681556789424872,0,1,0.952380952380952,0,0,1,0.952380952380952,0
"18",0.0152611190321726,22,0,1,0.132530120481928,19,0,1,0.114457831325301,0.0115276736389626,36,0,1,0.216867469879518,32,0,1,0.192771084337349,0.0685693115637698,0,1,0.958333333333333,0,0,1,0.958333333333333,0
"19",0.014431537682983,30,0,1,0.175438596491228,27,0,1,0.157894736842105,0.0118342657067175,42,0,1,0.245614035087719,40,0,1,0.233918128654971,0.0708127761276747,0,0,1,0,0,0,1,0
"20",0.0167561915450024,24,0,1,0.137142857142857,18,0,1,0.102857142857143,0.0126384204402637,39,0,1,0.222857142857143,38,0,1,0.217142857142857,0.0634682477518804,0,1,0.933333333333333,0,0,1,0.933333333333333,0
"21",0.0146818423708911,25,0,1,0.146198830409357,19,0,1,0.111111111111111,0.0138902683510551,28,0,1,0.16374269005848,23,0,1,0.134502923976608,0.0681508908978588,0,2,0.894736842105263,0,0,2,0.894736842105263,0
"22",0.0149097298732905,24,0,1,0.142011834319527,19,0,1,0.112426035502959,0.012599493327705,41,0,1,0.242603550295858,36,0,1,0.21301775147929,0.0712838755683502,0,3,0.857142857142857,0,0,3,0.857142857142857,0
"23",0.0134027863951949,33,0,1,0.196428571428571,29,0,1,0.172619047619048,0.0116682543377904,43,0,1,0.255952380952381,39,0,1,0.232142857142857,0.0762529835441714,0,4,0.818181818181818,0,0,5,0.772727272727273,0
"24",0.0158975280156565,27,0,1,0.158823529411765,23,0,1,0.135294117647059,0.0118549221567962,56,0,1,0.329411764705882,52,0,1,0.305882352941176,0.0710912007463624,0,4,0.8,0,0,4,0.8,0
"25",0.0123650023407998,43,0,1,0.252941176470588,40,0,1,0.235294117647059,0.0115958546802768,50,0,1,0.294117647058824,45,0,1,0.264705882352941,0.0665788956842727,0,0,1,0,0,0,1,0
"26",0.0202305650054842,3,0,1,0.0168539325842697,2,0,1,0.0112359550561798,0.015341225303516,16,0,1,0.0898876404494382,13,0,1,0.0730337078651685,0.0641020318982615,0,1,0.916666666666667,0,0,1,0.916666666666667,0
"27",0.0130489649619136,34,0,1,0.207317073170732,31,0,1,0.189024390243902,0.0109198665886199,51,0,1,0.310975609756098,38,0,1,0.231707317073171,0.0655145654859765,0,2,0.923076923076923,0,0,2,0.923076923076923,0
"28",0.0120453868741388,34,0,1,0.211180124223602,28,0,1,0.173913043478261,0.0109372783455375,48,0,1,0.298136645962733,36,0,1,0.22360248447205,0.0698397727185946,0,4,0.862068965517241,0,0,4,0.862068965517241,0
"29",0.0134729705559138,35,0,1,0.198863636363636,33,0,1,0.1875,0.0123212087040621,39,0,1,0.221590909090909,37,0,1,0.210227272727273,0.0720537220641117,0,2,0.857142857142857,0,0,2,0.857142857142857,0
"30",0.0159761514588787,15,0,1,0.0892857142857143,12,0,1,0.0714285714285714,0.0129402667439513,27,0,1,0.160714285714286,23,0,1,0.136904761904762,0.0647069591771852,0,1,0.954545454545455,0,0,1,0.954545454545455,0
"31",0.0129737987771772,47,0,1,0.27810650887574,40,0,1,0.236686390532544,0.0110113028873818,60,0,1,0.355029585798817,51,0,1,0.301775147928994,0.0812511783910117,0,10,0.523809523809524,0,0,10,0.523809523809524,0
"32",0.0158831504680496,18,0,1,0.100558659217877,16,0,1,0.0893854748603352,0.0137818123989006,27,0,1,0.150837988826816,22,0,1,0.122905027932961,0.063170542047318,0,0,1,0,0,0,1,0
"33",0.0139179902289199,24,0,1,0.146341463414634,19,0,1,0.115853658536585,0.0123167004046035,36,0,1,0.219512195121951,27,0,1,0.164634146341463,0.0671916791605367,0,0,1,0,0,1,0.961538461538462,0
"34",0.0173425680564047,18,0,1,0.109090909090909,13,0,1,0.0787878787878788,0.0114694751875756,46,0,1,0.278787878787879,38,0,1,0.23030303030303,0.0668971659142135,0,1,0.96,0,0,1,0.96,0
"35",0.0164641780546237,19,0,1,0.109195402298851,14,0,1,0.0804597701149425,0.0137447531494248,31,0,1,0.17816091954023,28,0,1,0.160919540229885,0.0614284960451439,0,1,0.9375,0,0,1,0.9375,0
"36",0.0168035559253533,15,0,1,0.0862068965517241,11,0,1,0.0632183908045977,0.0123226880415894,33,0,1,0.189655172413793,27,0,1,0.155172413793103,0.0609823510725772,0,0,1,0,0,0,1,0
"37",0.0170214314897612,27,0,1,0.150837988826816,22,0,1,0.122905027932961,0.0146288317040626,32,0,1,0.17877094972067,30,0,1,0.167597765363128,0.0596815377011516,0,0,1,0,0,0,1,0
"38",0.0110778197006686,62,0,1,0.358381502890173,55,0,1,0.317919075144509,0.0128013296962899,48,0,1,0.277456647398844,45,0,1,0.260115606936416,0.0698919766630285,0,4,0.764705882352941,0,0,4,0.764705882352941,0
"39",0.0133198039850402,37,0,1,0.21264367816092,34,0,1,0.195402298850575,0.0133524903613855,37,0,1,0.21264367816092,33,0,1,0.189655172413793,0.0641993905282631,0,1,0.9375,0,0,1,0.9375,0
"40",0.0159944032559885,27,0,1,0.154285714285714,24,0,1,0.137142857142857,0.0121200614138068,41,0,1,0.234285714285714,40,0,1,0.228571428571429,0.0637095499655581,0,0,1,0,0,0,1,0
"41",0.0143676344735967,32,0,1,0.181818181818182,27,0,1,0.153409090909091,0.0139045190731147,33,0,1,0.1875,31,0,1,0.176136363636364,0.0593568841407815,0,0,1,0,0,0,1,0
"42",0.0188040799756389,15,0,1,0.0857142857142857,13,0,1,0.0742857142857143,0.0125185706104715,41,0,1,0.234285714285714,35,0,1,0.2,0.0638559526992641,0,0,1,0,0,0,1,0
"43",0.0142838772503802,22,0,1,0.129411764705882,17,0,1,0.1,0.0129424046783852,32,0,1,0.188235294117647,27,0,1,0.158823529411765,0.0651192096632984,0,3,0.85,0,0,4,0.8,0
"44",0.0165461771226338,16,0,1,0.0919540229885057,14,0,1,0.0804597701149425,0.0137686470642798,31,0,1,0.17816091954023,25,0,1,0.14367816091954,0.0771343129150149,0,2,0.875,0,0,2,0.875,0
"45",0.0150742115347965,23,0,1,0.135294117647059,21,0,1,0.123529411764706,0.0114128440816195,51,0,1,0.3,49,0,1,0.288235294117647,0.0694470126339835,0,1,0.95,0,0,1,0.95,0
"46",0.0160505122800343,25,0,1,0.144508670520231,23,0,1,0.132947976878613,0.0126270513364337,39,0,1,0.225433526011561,36,0,1,0.208092485549133,0.0705610942599406,0,0,1,0,0,0,1,0
"47",0.0119796866376917,49,0,1,0.281609195402299,45,0,1,0.258620689655172,0.0124399855347319,47,0,1,0.270114942528736,43,0,1,0.247126436781609,0.0758464141368537,0,3,0.8125,0,0,3,0.8125,0
"48",0.016418138549528,12,0,1,0.0697674418604651,11,0,1,0.063953488372093,0.0122282519723613,29,0,1,0.168604651162791,24,0,1,0.13953488372093,0.0575266707893808,0,0,1,0,0,0,1,0
"49",0.0166448277151141,21,0,1,0.120689655172414,20,0,1,0.114942528735632,0.0121986275676674,41,0,1,0.235632183908046,37,0,1,0.21264367816092,0.0750088809506543,0,1,0.9375,0,0,1,0.9375,0
"50",0.0145498496026279,37,0,1,0.216374269005848,29,0,1,0.169590643274854,0.0121822846959571,50,0,1,0.292397660818713,45,0,1,0.263157894736842,0.0669618771466724,0,1,0.947368421052632,0,0,1,0.947368421052632,0
