"","lambda_rmse","RMSE_either_FP","RMSE_either_FN","RMSE_either_TPR","RMSE_either_TFR","RMSE_both_FP","RMSE_both_FN","RMSE_both_TPR","RMSE_both_TFR","lambda_cv_min","cv_min_either_FP","cv_min_either_FN","cv_min_either_TPR","cv_min_either_TFR","cv_min_both_FP","cv_min_both_FN","cv_min_both_TPR","cv_min_both_TFR","lambda_cv1se","cv1se_either_FP","cv1se_either_FN","cv1se_either_TPR","cv1se_either_TFR","cv1se_both_FP","cv1se_both_FN","cv1se_both_TPR","cv1se_both_TFR"
"1",0.554151789492352,10,14,0.125,0.0574712643678161,3,15,0.0625,0.0172413793103448,0.481094727962286,17,14,0.125,0.0977011494252874,9,15,0.0625,0.0517241379310345,0.591420528884858,10,15,0.0625,0.0574712643678161,3,15,0.0625,0.0172413793103448
"2",0.446214671484543,20,15,0.117647058823529,0.115606936416185,11,17,0,0.0635838150289017,0.375726575597833,27,15,0.117647058823529,0.15606936416185,13,17,0,0.0751445086705202,0.506852321290414,13,16,0.0588235294117647,0.0751445086705202,8,17,0,0.046242774566474
"3",0.294976608088705,36,13,0.35,0.211764705882353,18,18,0.1,0.105882352941176,0.345907308984894,29,15,0.25,0.170588235294118,15,18,0.1,0.0882352941176471,0.563862752417099,18,19,0.05,0.105882352941176,5,20,0,0.0294117647058824
"4",0.552035787336707,16,16,0.111111111111111,0.0930232558139535,5,17,0.0555555555555556,0.0290697674418605,0.528857861997534,20,16,0.111111111111111,0.116279069767442,5,17,0.0555555555555556,0.0290697674418605,0.606959615355469,13,16,0.111111111111111,0.0755813953488372,3,17,0.0555555555555556,0.0174418604651163
"5",0.521604633959632,17,14,0.125,0.0977011494252874,5,16,0,0.028735632183908,0.401831702208605,32,13,0.1875,0.183908045977011,13,15,0.0625,0.0747126436781609,0.558874358059027,15,16,0,0.0862068965517241,2,16,0,0.0114942528735632
"6",0.479225181198154,21,14,0.0666666666666667,0.12,9,14,0.0666666666666667,0.0514285714285714,0.413070137845901,28,14,0.0666666666666667,0.16,15,14,0.0666666666666667,0.0857142857142857,0.565623358520538,12,14,0.0666666666666667,0.0685714285714286,6,14,0.0666666666666667,0.0342857142857143
"7",0.400999338629664,26,9,0.307692307692308,0.146892655367232,11,9,0.307692307692308,0.0621468926553672,0.439746095551244,23,9,0.307692307692308,0.129943502824859,10,9,0.307692307692308,0.0564971751412429,0.5314846782495,10,10,0.230769230769231,0.0564971751412429,5,11,0.153846153846154,0.0282485875706215
"8",0.493858046909796,20,18,0,0.116279069767442,10,18,0,0.0581395348837209,0.494355923241614,20,18,0,0.116279069767442,9,18,0,0.0523255813953488,0.571334722236412,16,18,0,0.0930232558139535,6,18,0,0.0348837209302326
"9",0.500331874316187,16,18,0.1,0.0941176470588235,9,19,0.05,0.0529411764705882,0.481429374705341,19,18,0.1,0.111764705882353,9,19,0.05,0.0529411764705882,0.574097557136668,12,19,0.05,0.0705882352941176,6,20,0,0.0352941176470588
"10",0.61156209601515,11,17,0.15,0.0647058823529412,2,20,0,0.0117647058823529,0.333375295949666,36,13,0.35,0.211764705882353,20,15,0.25,0.117647058823529,0.525665459977707,17,16,0.2,0.1,4,18,0.1,0.0235294117647059
"11",0.490257843003463,17,20,0.130434782608696,0.101796407185629,5,21,0.0869565217391304,0.029940119760479,0.453631230017482,21,18,0.217391304347826,0.125748502994012,6,21,0.0869565217391304,0.0359281437125748,0.557861199756103,10,20,0.130434782608696,0.0598802395209581,3,21,0.0869565217391304,0.0179640718562874
"12",0.561774787051666,12,8,0,0.0659340659340659,4,8,0,0.021978021978022,0.484100163661564,19,8,0,0.104395604395604,12,8,0,0.0659340659340659,0.60454505495542,10,8,0,0.0549450549450549,4,8,0,0.021978021978022
"13",0.484780557497548,25,12,0.142857142857143,0.142045454545455,11,14,0,0.0625,0.35795806491718,44,11,0.214285714285714,0.25,22,13,0.0714285714285714,0.125,0.604924032748517,19,13,0.0714285714285714,0.107954545454545,5,14,0,0.0284090909090909
"14",0.522855101077214,20,11,0.0833333333333333,0.112359550561798,3,12,0,0.0168539325842697,0.401352485402702,28,9,0.25,0.157303370786517,15,12,0,0.0842696629213483,0.479992204796882,21,10,0.166666666666667,0.117977528089888,7,12,0,0.0393258426966292
"15",0.543889182325074,16,20,0.2,0.096969696969697,3,24,0.04,0.0181818181818182,0.370392067465446,30,18,0.28,0.181818181818182,12,20,0.2,0.0727272727272727,0.501341104625717,19,20,0.2,0.115151515151515,4,22,0.12,0.0242424242424242
"16",0.523596830056038,12,8,0.111111111111111,0.0662983425414365,6,8,0.111111111111111,0.0331491712707182,0.412585287864388,26,8,0.111111111111111,0.143646408839779,10,8,0.111111111111111,0.0552486187845304,0.556159763211434,10,8,0.111111111111111,0.0552486187845304,4,9,0,0.0220994475138122
"17",0.481821117200951,20,12,0.2,0.114285714285714,10,15,0,0.0571428571428571,0.447300343954648,25,12,0.2,0.142857142857143,10,14,0.0666666666666667,0.0571428571428571,0.592655621207044,8,12,0.2,0.0457142857142857,3,15,0,0.0171428571428571
"18",0.561520456152798,13,20,0.166666666666667,0.0783132530120482,5,23,0.0416666666666667,0.0301204819277108,0.337929972169786,32,18,0.25,0.192771084337349,16,20,0.166666666666667,0.0963855421686747,0.564085879662511,13,20,0.166666666666667,0.0783132530120482,5,23,0.0416666666666667,0.0301204819277108
"19",0.376129943405541,28,10,0.375,0.160919540229885,15,12,0.25,0.0862068965517241,0.289889237904543,41,9,0.4375,0.235632183908046,22,9,0.4375,0.126436781609195,0.56406471258713,15,13,0.1875,0.0862068965517241,6,14,0.125,0.0344827586206897
"20",0.427484321348823,30,13,0,0.169491525423729,14,13,0,0.0790960451977401,0.372142957975297,34,10,0.230769230769231,0.192090395480226,18,12,0.0769230769230769,0.101694915254237,0.506118585316145,23,13,0,0.129943502824859,8,13,0,0.0451977401129944
"21",0.355458454476742,23,18,0.142857142857143,0.136094674556213,12,18,0.142857142857143,0.0710059171597633,0.2950313746708,29,18,0.142857142857143,0.171597633136095,18,18,0.142857142857143,0.106508875739645,0.440626361514906,18,18,0.142857142857143,0.106508875739645,7,19,0.0952380952380952,0.0414201183431953
"22",0.406843996808328,30,19,0,0.175438596491228,11,19,0,0.064327485380117,0.287581790598571,40,19,0,0.233918128654971,28,19,0,0.16374269005848,0.45475209184167,24,19,0,0.140350877192982,6,19,0,0.0350877192982456
"23",0.448922826932334,18,16,0.111111111111111,0.104651162790698,4,17,0.0555555555555556,0.0232558139534884,0.348533647845218,32,15,0.166666666666667,0.186046511627907,12,16,0.111111111111111,0.0697674418604651,0.45651649355328,16,16,0.111111111111111,0.0930232558139535,4,17,0.0555555555555556,0.0232558139534884
"24",0.483481322433304,14,19,0,0.0818713450292398,10,19,0,0.0584795321637427,0.458742970750915,16,19,0,0.0935672514619883,12,19,0,0.0701754385964912,0.564517145337633,9,19,0,0.0526315789473684,6,19,0,0.0350877192982456
"25",0.396453128175969,22,21,0.222222222222222,0.134969325153374,12,24,0.111111111111111,0.0736196319018405,0.354468907973328,29,20,0.259259259259259,0.177914110429448,17,23,0.148148148148148,0.104294478527607,0.54620579240078,13,26,0.037037037037037,0.0797546012269939,4,27,0,0.0245398773006135
"26",0.393632037941646,28,12,0.0769230769230769,0.15819209039548,13,12,0.0769230769230769,0.0734463276836158,0.340836362370532,31,11,0.153846153846154,0.175141242937853,17,12,0.0769230769230769,0.096045197740113,0.478278320892427,22,12,0.0769230769230769,0.124293785310734,10,12,0.0769230769230769,0.0564971751412429
"27",0.410891974390605,21,16,0.238095238095238,0.124260355029586,9,19,0.0952380952380952,0.0532544378698225,0.391474948490365,24,16,0.238095238095238,0.142011834319527,11,19,0.0952380952380952,0.0650887573964497,0.477289044815366,12,18,0.142857142857143,0.0710059171597633,6,20,0.0476190476190476,0.0355029585798817
"28",0.481486025307882,20,17,0.0555555555555556,0.116279069767442,10,18,0,0.0581395348837209,0.447487395271258,24,17,0.0555555555555556,0.13953488372093,13,17,0.0555555555555556,0.0755813953488372,0.546652795393847,14,17,0.0555555555555556,0.0813953488372093,5,18,0,0.0290697674418605
"29",0.442002030996211,22,15,0.117647058823529,0.127167630057803,7,15,0.117647058823529,0.0404624277456647,0.384756704861331,28,13,0.235294117647059,0.161849710982659,11,15,0.117647058823529,0.0635838150289017,0.550470610312257,13,15,0.117647058823529,0.0751445086705202,5,16,0.0588235294117647,0.0289017341040462
"30",0.454384742798711,24,11,0.0833333333333333,0.134831460674157,7,12,0,0.0393258426966292,0.374001004814504,30,10,0.166666666666667,0.168539325842697,15,12,0,0.0842696629213483,0.558434736397769,18,11,0.0833333333333333,0.101123595505618,5,12,0,0.0280898876404494
"31",0.399948184696836,27,20,0.0909090909090909,0.160714285714286,13,22,0,0.0773809523809524,0.364954044644231,30,19,0.136363636363636,0.178571428571429,15,22,0,0.0892857142857143,0.573543973616174,12,22,0,0.0714285714285714,4,22,0,0.0238095238095238
"32",0.436516374796558,18,19,0.269230769230769,0.109756097560976,6,21,0.192307692307692,0.0365853658536585,0.387120792177589,22,18,0.307692307692308,0.134146341463415,8,20,0.230769230769231,0.0487804878048781,0.58304339789579,9,23,0.115384615384615,0.0548780487804878,2,24,0.0769230769230769,0.0121951219512195
"33",0.547193383701794,13,20,0.130434782608696,0.0778443113772455,3,21,0.0869565217391304,0.0179640718562874,0.384967508249094,31,20,0.130434782608696,0.18562874251497,19,21,0.0869565217391304,0.11377245508982,0.465371239233099,20,20,0.130434782608696,0.119760479041916,7,21,0.0869565217391304,0.0419161676646707
"34",0.34107396203281,34,19,0.208333333333333,0.204819277108434,19,21,0.125,0.114457831325301,0.307928786740993,42,18,0.25,0.253012048192771,21,21,0.125,0.126506024096386,0.448950727234286,20,20,0.166666666666667,0.120481927710843,7,22,0.0833333333333333,0.0421686746987952
"35",0.402680133332115,24,9,0.1,0.133333333333333,11,9,0.1,0.0611111111111111,0.30901787339295,36,9,0.1,0.2,22,9,0.1,0.122222222222222,0.439303611106046,22,9,0.1,0.122222222222222,10,9,0.1,0.0555555555555556
"36",0.450271769437627,25,19,0.05,0.147058823529412,10,20,0,0.0588235294117647,0.30450208049969,46,17,0.15,0.270588235294118,25,19,0.05,0.147058823529412,0.485807999583295,21,19,0.05,0.123529411764706,6,20,0,0.0352941176470588
"37",0.365338439814613,28,15,0,0.16,16,15,0,0.0914285714285714,0.346203604823563,31,15,0,0.177142857142857,18,15,0,0.102857142857143,0.490817388204061,17,15,0,0.0971428571428571,8,15,0,0.0457142857142857
"38",0.554896227949653,13,9,0.181818181818182,0.0726256983240224,3,9,0.181818181818182,0.0167597765363128,0.476644515195917,15,8,0.272727272727273,0.0837988826815642,9,9,0.181818181818182,0.0502793296089385,0.615180896161574,10,9,0.181818181818182,0.0558659217877095,1,10,0.0909090909090909,0.00558659217877095
"39",0.502516923973979,20,15,0.0625,0.114942528735632,6,16,0,0.0344827586206897,0.405348480776776,31,15,0.0625,0.17816091954023,19,16,0,0.109195402298851,0.50350433723133,20,15,0.0625,0.114942528735632,6,16,0,0.0344827586206897
"40",0.280579088666594,40,12,0.2,0.228571428571429,20,13,0.133333333333333,0.114285714285714,0.301562544465747,38,12,0.2,0.217142857142857,19,13,0.133333333333333,0.108571428571429,0.507480104290478,15,14,0.0666666666666667,0.0857142857142857,9,15,0,0.0514285714285714
"41",0.441597495175137,20,16,0.272727272727273,0.119047619047619,10,20,0.0909090909090909,0.0595238095238095,0.323874884943157,33,16,0.272727272727273,0.196428571428571,19,17,0.227272727272727,0.113095238095238,0.534581964469896,15,16,0.272727272727273,0.0892857142857143,6,22,0,0.0357142857142857
"42",0.473656378405987,18,22,0.12,0.109090909090909,9,24,0.04,0.0545454545454545,0.407035594719212,24,21,0.16,0.145454545454545,11,24,0.04,0.0666666666666667,0.525714250550542,13,23,0.08,0.0787878787878788,5,24,0.04,0.0303030303030303
"43",0.478473387498615,19,16,0.111111111111111,0.11046511627907,5,18,0,0.0290697674418605,0.434581841062468,20,16,0.111111111111111,0.116279069767442,7,18,0,0.0406976744186047,0.57968987588769,9,18,0,0.0523255813953488,3,18,0,0.0174418604651163
"44",0.399969111450181,22,17,0,0.127167630057803,10,17,0,0.0578034682080925,0.245409021359965,44,17,0,0.254335260115607,23,17,0,0.132947976878613,0.45978752932064,17,17,0,0.0982658959537572,9,17,0,0.0520231213872832
"45",0.462795169100548,25,15,0.0625,0.14367816091954,8,15,0.0625,0.0459770114942529,0.378209408771584,31,15,0.0625,0.17816091954023,10,15,0.0625,0.0574712643678161,0.519028746786796,16,15,0.0625,0.0919540229885057,7,16,0,0.0402298850574713
"46",0.435287154156999,22,24,0.0769230769230769,0.134146341463415,12,25,0.0384615384615385,0.0731707317073171,0.371686051793814,27,23,0.115384615384615,0.164634146341463,17,24,0.0769230769230769,0.103658536585366,0.558833949726316,11,26,0,0.0670731707317073,7,26,0,0.0426829268292683
"47",0.581441822142198,11,18,0.142857142857143,0.0650887573964497,4,20,0.0476190476190476,0.0236686390532544,0.328648929461689,33,18,0.142857142857143,0.195266272189349,15,18,0.142857142857143,0.0887573964497041,0.539730437698839,14,18,0.142857142857143,0.0828402366863905,6,19,0.0952380952380952,0.0355029585798817
"48",0.36470945718943,28,21,0.125,0.168674698795181,13,22,0.0833333333333333,0.0783132530120482,0.309032914517712,38,21,0.125,0.228915662650602,17,22,0.0833333333333333,0.102409638554217,0.491631137433035,12,22,0.0833333333333333,0.072289156626506,5,23,0.0416666666666667,0.0301204819277108
"49",0.363873272388389,35,8,0.333333333333333,0.196629213483146,24,8,0.333333333333333,0.134831460674157,0.340507957633986,36,8,0.333333333333333,0.202247191011236,27,8,0.333333333333333,0.151685393258427,0.516910772585098,21,10,0.166666666666667,0.117977528089888,9,11,0.0833333333333333,0.050561797752809
"50",0.569321166867513,14,18,0.1,0.0823529411764706,6,19,0.05,0.0352941176470588,0.421800455189374,26,17,0.15,0.152941176470588,10,18,0.1,0.0588235294117647,0.609967797357258,12,18,0.1,0.0705882352941176,5,19,0.05,0.0294117647058824
