"","lambda_rmse","RMSE_either_FP","RMSE_either_FN","RMSE_either_TPR","RMSE_either_TFR","RMSE_both_FP","RMSE_both_FN","RMSE_both_TPR","RMSE_both_TFR","lambda_cv_min","cv_min_either_FP","cv_min_either_FN","cv_min_either_TPR","cv_min_either_TFR","cv_min_both_FP","cv_min_both_FN","cv_min_both_TPR","cv_min_both_TFR","lambda_cv1se","cv1se_either_FP","cv1se_either_FN","cv1se_either_TPR","cv1se_either_TFR","cv1se_both_FP","cv1se_both_FN","cv1se_both_TPR","cv1se_both_TFR"
"1",0.19630256185841,13,17,0.15,0.0764705882352941,10,17,0.15,0.0588235294117647,0.154585217274281,24,15,0.25,0.141176470588235,20,16,0.2,0.117647058823529,0.231910019290252,4,18,0.1,0.0235294117647059,2,18,0.1,0.0117647058823529
"2",0.187977319842462,11,16,0.238095238095238,0.0650887573964497,6,18,0.142857142857143,0.0355029585798817,0.165215662556425,15,16,0.238095238095238,0.0887573964497041,12,16,0.238095238095238,0.0710059171597633,0.216171736269791,6,16,0.238095238095238,0.0355029585798817,4,20,0.0476190476190476,0.0236686390532544
"3",0.19020472458083,13,16,0.238095238095238,0.0769230769230769,9,18,0.142857142857143,0.0532544378698225,0.176913032326565,15,16,0.238095238095238,0.0887573964497041,13,17,0.19047619047619,0.0769230769230769,0.245308989042014,6,18,0.142857142857143,0.0355029585798817,5,18,0.142857142857143,0.029585798816568
"4",0.217463964217815,6,18,0.0526315789473684,0.0350877192982456,2,18,0.0526315789473684,0.0116959064327485,0.150421571434812,25,15,0.210526315789474,0.146198830409357,20,15,0.210526315789474,0.116959064327485,0.201153009991778,12,17,0.105263157894737,0.0701754385964912,5,18,0.0526315789473684,0.0292397660818713
"5",0.186616622706112,10,24,0.172413793103448,0.062111801242236,6,24,0.172413793103448,0.0372670807453416,0.162005615767546,20,24,0.172413793103448,0.124223602484472,12,24,0.172413793103448,0.0745341614906832,0.235019417481187,3,25,0.137931034482759,0.0186335403726708,3,26,0.103448275862069,0.0186335403726708
"6",0.199693579189632,7,23,0.08,0.0424242424242424,3,24,0.04,0.0181818181818182,0.171796183784225,15,22,0.12,0.0909090909090909,8,23,0.08,0.0484848484848485,0.211440822166307,4,24,0.04,0.0242424242424242,3,24,0.04,0.0181818181818182
"7",0.20441887926352,6,24,0.0769230769230769,0.0365853658536585,6,26,0,0.0365853658536585,0.157406234753851,18,22,0.153846153846154,0.109756097560976,13,24,0.0769230769230769,0.0792682926829268,0.209651217065622,5,24,0.0769230769230769,0.0304878048780488,4,26,0,0.024390243902439
"8",0.189618762441124,7,12,0.25,0.0402298850574713,5,13,0.1875,0.028735632183908,0.150438363668127,19,12,0.25,0.109195402298851,12,12,0.25,0.0689655172413793,0.206871310332027,5,13,0.1875,0.028735632183908,3,15,0.0625,0.0172413793103448
"9",0.21248671995562,3,22,0.12,0.0181818181818182,3,22,0.12,0.0181818181818182,0.156080602435801,14,17,0.32,0.0848484848484849,10,19,0.24,0.0606060606060606,0.222944786750791,3,22,0.12,0.0181818181818182,2,22,0.12,0.0121212121212121
"10",0.190749518729525,13,24,0.111111111111111,0.0797546012269939,11,24,0.111111111111111,0.0674846625766871,0.152571476650673,23,22,0.185185185185185,0.141104294478528,17,22,0.185185185185185,0.104294478527607,0.238855121125643,5,25,0.0740740740740741,0.0306748466257669,2,25,0.0740740740740741,0.0122699386503067
"11",0.20313148418638,2,20,0.2,0.0121212121212121,2,21,0.16,0.0121212121212121,0.176138100699016,10,19,0.24,0.0606060606060606,4,19,0.24,0.0242424242424242,0.222918082577595,2,21,0.16,0.0121212121212121,1,21,0.16,0.00606060606060606
"12",0.161495467191877,14,15,0.166666666666667,0.0813953488372093,13,15,0.166666666666667,0.0755813953488372,0.160626730521486,14,15,0.166666666666667,0.0813953488372093,13,15,0.166666666666667,0.0755813953488372,0.210804315525213,8,15,0.166666666666667,0.0465116279069767,6,17,0.0555555555555556,0.0348837209302326
"13",0.18535513016758,20,13,0.235294117647059,0.115606936416185,15,13,0.235294117647059,0.0867052023121387,0.149789577841767,28,10,0.411764705882353,0.161849710982659,26,12,0.294117647058824,0.15028901734104,0.245128119208329,8,14,0.176470588235294,0.046242774566474,3,15,0.117647058823529,0.0173410404624277
"14",0.208565036522148,4,12,0.0769230769230769,0.0225988700564972,3,12,0.0769230769230769,0.0169491525423729,0.173317316289334,13,10,0.230769230769231,0.0734463276836158,10,12,0.0769230769230769,0.0564971751412429,0.205702035897636,4,12,0.0769230769230769,0.0225988700564972,3,12,0.0769230769230769,0.0169491525423729
"15",0.220302497339053,3,18,0.0526315789473684,0.0175438596491228,2,19,0,0.0116959064327485,0.177503923823211,10,14,0.263157894736842,0.0584795321637427,7,16,0.157894736842105,0.0409356725146199,0.193269761602009,8,17,0.105263157894737,0.0467836257309941,3,18,0.0526315789473684,0.0175438596491228
"16",0.19750488155365,7,21,0.0869565217391304,0.0419161676646707,6,21,0.0869565217391304,0.0359281437125748,0.157877082763659,16,20,0.130434782608696,0.0958083832335329,12,21,0.0869565217391304,0.0718562874251497,0.229877083156568,5,21,0.0869565217391304,0.029940119760479,2,22,0.0434782608695652,0.0119760479041916
"17",0.274010946357953,3,19,0.05,0.0176470588235294,1,19,0.05,0.00588235294117647,0.143813767221516,30,13,0.35,0.176470588235294,19,14,0.3,0.111764705882353,0.225118460707374,7,16,0.2,0.0411764705882353,4,18,0.1,0.0235294117647059
"18",0.149312635298585,27,13,0.235294117647059,0.15606936416185,20,13,0.235294117647059,0.115606936416185,0.147188168416412,27,13,0.235294117647059,0.15606936416185,20,13,0.235294117647059,0.115606936416185,0.239694818460856,6,15,0.117647058823529,0.0346820809248555,4,15,0.117647058823529,0.023121387283237
"19",0.199156018047461,3,15,0.0625,0.0172413793103448,2,15,0.0625,0.0114942528735632,0.162786523935622,13,13,0.1875,0.0747126436781609,9,13,0.1875,0.0517241379310345,0.190178003320744,6,15,0.0625,0.0344827586206897,3,15,0.0625,0.0172413793103448
"20",0.182400745974242,15,9,0.307692307692308,0.0847457627118644,9,9,0.307692307692308,0.0508474576271186,0.145664279682936,28,9,0.307692307692308,0.15819209039548,22,9,0.307692307692308,0.124293785310734,0.22732557938141,6,10,0.230769230769231,0.0338983050847458,5,11,0.153846153846154,0.0282485875706215
"21",0.194286258300403,11,17,0.227272727272727,0.0654761904761905,7,20,0.0909090909090909,0.0416666666666667,0.168924939453491,18,16,0.272727272727273,0.107142857142857,12,16,0.272727272727273,0.0714285714285714,0.218233235236981,9,21,0.0454545454545455,0.0535714285714286,4,21,0.0454545454545455,0.0238095238095238
"22",0.187923353306828,7,20,0.0909090909090909,0.0416666666666667,4,21,0.0454545454545455,0.0238095238095238,0.1617567568849,20,19,0.136363636363636,0.119047619047619,14,19,0.136363636363636,0.0833333333333333,0.192888316736679,6,20,0.0909090909090909,0.0357142857142857,3,21,0.0454545454545455,0.0178571428571429
"23",0.208310538041644,9,13,0.0714285714285714,0.0511363636363636,5,13,0.0714285714285714,0.0284090909090909,0.161556413058802,17,10,0.285714285714286,0.0965909090909091,14,13,0.0714285714285714,0.0795454545454545,0.225445643029188,4,13,0.0714285714285714,0.0227272727272727,3,14,0,0.0170454545454545
"24",0.205466860985389,5,22,0,0.0297619047619048,4,22,0,0.0238095238095238,0.15613983467639,15,18,0.181818181818182,0.0892857142857143,10,19,0.136363636363636,0.0595238095238095,0.204803869142548,5,22,0,0.0297619047619048,4,22,0,0.0238095238095238
"25",0.225381494544697,6,22,0.0833333333333333,0.036144578313253,4,22,0.0833333333333333,0.0240963855421687,0.174950427237291,14,18,0.25,0.0843373493975904,9,20,0.166666666666667,0.0542168674698795,0.246114034503442,6,23,0.0416666666666667,0.036144578313253,3,23,0.0416666666666667,0.0180722891566265
"26",0.229684254308661,4,9,0.25,0.0224719101123595,2,9,0.25,0.0112359550561798,0.164390879045244,18,8,0.333333333333333,0.101123595505618,12,8,0.333333333333333,0.0674157303370786,0.231188310329149,4,9,0.25,0.0224719101123595,2,10,0.166666666666667,0.0112359550561798
"27",0.175657041252824,15,15,0.25,0.0882352941176471,11,15,0.25,0.0647058823529412,0.168880362468004,16,15,0.25,0.0941176470588235,13,15,0.25,0.0764705882352941,0.224586439453654,4,18,0.1,0.0235294117647059,3,19,0.05,0.0176470588235294
"28",0.139388639787202,33,16,0.384615384615385,0.201219512195122,27,19,0.269230769230769,0.164634146341463,0.168887977706231,21,20,0.230769230769231,0.128048780487805,18,22,0.153846153846154,0.109756097560976,0.232587715881049,6,26,0,0.0365853658536585,4,26,0,0.024390243902439
"29",0.181214630302736,16,14,0.222222222222222,0.0930232558139535,13,15,0.166666666666667,0.0755813953488372,0.1608307568196,22,13,0.277777777777778,0.127906976744186,14,13,0.277777777777778,0.0813953488372093,0.236272096024161,5,17,0.0555555555555556,0.0290697674418605,3,17,0.0555555555555556,0.0174418604651163
"30",0.201545165140652,9,18,0.1,0.0529411764705882,7,18,0.1,0.0411764705882353,0.173775195679604,14,18,0.1,0.0823529411764706,9,18,0.1,0.0529411764705882,0.239529538801333,5,18,0.1,0.0294117647058824,3,18,0.1,0.0176470588235294
"31",0.18697873698041,13,21,0.125,0.0783132530120482,10,21,0.125,0.0602409638554217,0.17939883279344,15,20,0.166666666666667,0.0903614457831325,12,21,0.125,0.072289156626506,0.228822273922964,7,22,0.0833333333333333,0.0421686746987952,4,23,0.0416666666666667,0.0240963855421687
"32",0.168348634501877,16,18,0.181818181818182,0.0952380952380952,12,18,0.181818181818182,0.0714285714285714,0.155538922385736,19,14,0.363636363636364,0.113095238095238,14,17,0.227272727272727,0.0833333333333333,0.221690250789171,4,19,0.136363636363636,0.0238095238095238,2,20,0.0909090909090909,0.0119047619047619
"33",0.181664797568366,14,20,0.0909090909090909,0.0833333333333333,8,20,0.0909090909090909,0.0476190476190476,0.163302425853448,18,20,0.0909090909090909,0.107142857142857,18,20,0.0909090909090909,0.107142857142857,0.203667258543659,6,21,0.0454545454545455,0.0357142857142857,2,21,0.0454545454545455,0.0119047619047619
"34",0.223304580040689,3,20,0.0909090909090909,0.0178571428571429,1,20,0.0909090909090909,0.00595238095238095,0.181165333037507,10,16,0.272727272727273,0.0595238095238095,6,20,0.0909090909090909,0.0357142857142857,0.205163726853881,3,20,0.0909090909090909,0.0178571428571429,3,20,0.0909090909090909,0.0178571428571429
"35",0.181611541290296,13,20,0.0909090909090909,0.0773809523809524,12,20,0.0909090909090909,0.0714285714285714,0.172339790456467,17,19,0.136363636363636,0.101190476190476,14,19,0.136363636363636,0.0833333333333333,0.206821204358775,10,20,0.0909090909090909,0.0595238095238095,7,21,0.0454545454545455,0.0416666666666667
"36",0.192901369352337,8,17,0.105263157894737,0.0467836257309941,6,17,0.105263157894737,0.0350877192982456,0.160168565253668,22,16,0.157894736842105,0.128654970760234,13,16,0.157894736842105,0.0760233918128655,0.210648231957949,6,17,0.105263157894737,0.0350877192982456,4,19,0,0.0233918128654971
"37",0.229053713431683,5,23,0,0.029940119760479,4,23,0,0.0239520958083832,0.186088005105594,15,22,0.0434782608695652,0.0898203592814371,11,23,0,0.0658682634730539,0.223481519964995,6,23,0,0.0359281437125748,4,23,0,0.0239520958083832
"38",0.182830040684256,10,18,0.1,0.0588235294117647,8,20,0,0.0470588235294118,0.152602698775937,21,17,0.15,0.123529411764706,15,18,0.1,0.0882352941176471,0.215856859631664,5,20,0,0.0294117647058824,5,20,0,0.0294117647058824
"39",0.198803500310022,13,21,0.222222222222222,0.0797546012269939,9,22,0.185185185185185,0.0552147239263804,0.157081247399375,21,18,0.333333333333333,0.128834355828221,17,20,0.259259259259259,0.104294478527607,0.247709915675269,3,23,0.148148148148148,0.0184049079754601,2,25,0.0740740740740741,0.0122699386503067
"40",0.197496106056845,8,7,0.3,0.0444444444444444,6,8,0.2,0.0333333333333333,0.175848211678207,11,7,0.3,0.0611111111111111,10,7,0.3,0.0555555555555556,0.206613221607059,7,7,0.3,0.0388888888888889,3,8,0.2,0.0166666666666667
"41",0.193543836375366,11,11,0.214285714285714,0.0625,8,12,0.142857142857143,0.0454545454545455,0.177875894119401,15,10,0.285714285714286,0.0852272727272727,14,12,0.142857142857143,0.0795454545454545,0.222387249871337,6,12,0.142857142857143,0.0340909090909091,4,12,0.142857142857143,0.0227272727272727
"42",0.230756340948175,2,15,0.117647058823529,0.0115606936416185,0,15,0.117647058823529,0,0.167382889247641,17,12,0.294117647058824,0.0982658959537572,10,14,0.176470588235294,0.0578034682080925,0.198419673045821,4,14,0.176470588235294,0.023121387283237,3,15,0.117647058823529,0.0173410404624277
"43",0.230473356458512,3,29,0.09375,0.0189873417721519,1,30,0.0625,0.00632911392405063,0.174105607083512,13,26,0.1875,0.0822784810126582,10,26,0.1875,0.0632911392405063,0.221803790497535,3,29,0.09375,0.0189873417721519,2,29,0.09375,0.0126582278481013
"44",0.237075601595334,4,15,0.0625,0.0229885057471264,3,16,0,0.0172413793103448,0.178270154262088,17,13,0.1875,0.0977011494252874,11,14,0.125,0.0632183908045977,0.2191817742506,5,15,0.0625,0.028735632183908,3,15,0.0625,0.0172413793103448
"45",0.189378943246209,10,19,0.0952380952380952,0.0591715976331361,4,19,0.0952380952380952,0.0236686390532544,0.157696437258666,24,18,0.142857142857143,0.142011834319527,19,19,0.0952380952380952,0.112426035502959,0.200211297994114,5,19,0.0952380952380952,0.029585798816568,3,19,0.0952380952380952,0.0177514792899408
"46",0.230298349155881,2,21,0.0869565217391304,0.0119760479041916,2,22,0.0434782608695652,0.0119760479041916,0.163436862810577,14,19,0.173913043478261,0.0838323353293413,13,19,0.173913043478261,0.0778443113772455,0.213975885206497,4,20,0.130434782608696,0.0239520958083832,3,22,0.0434782608695652,0.0179640718562874
"47",0.196637685725218,7,14,0.125,0.0402298850574713,6,14,0.125,0.0344827586206897,0.162704234823384,13,13,0.1875,0.0747126436781609,9,13,0.1875,0.0517241379310345,0.217281097970254,6,14,0.125,0.0344827586206897,3,14,0.125,0.0172413793103448
"48",0.192590914080856,5,15,0.0625,0.028735632183908,3,15,0.0625,0.0172413793103448,0.179090052828803,10,12,0.25,0.0574712643678161,4,13,0.1875,0.0229885057471264,0.204513248492422,3,15,0.0625,0.0172413793103448,2,15,0.0625,0.0114942528735632
"49",0.146646766285313,27,10,0.333333333333333,0.154285714285714,23,11,0.266666666666667,0.131428571428571,0.160455997604541,23,11,0.266666666666667,0.131428571428571,15,13,0.133333333333333,0.0857142857142857,0.234929802797788,5,14,0.0666666666666667,0.0285714285714286,3,14,0.0666666666666667,0.0171428571428571
"50",0.177705402951925,15,16,0.111111111111111,0.0872093023255814,12,16,0.111111111111111,0.0697674418604651,0.155960449453481,28,13,0.277777777777778,0.162790697674419,20,16,0.111111111111111,0.116279069767442,0.227804118801199,7,17,0.0555555555555556,0.0406976744186047,6,17,0.0555555555555556,0.0348837209302326
