"","lambda_rmse","RMSE_either_FP","RMSE_either_FN","RMSE_either_TPR","RMSE_either_TFR","RMSE_both_FP","RMSE_both_FN","RMSE_both_TPR","RMSE_both_TFR","lambda_cv_min","cv_min_either_FP","cv_min_either_FN","cv_min_either_TPR","cv_min_either_TFR","cv_min_both_FP","cv_min_both_FN","cv_min_both_TPR","cv_min_both_TFR","lambda_cv1se","cv1se_either_FP","cv1se_either_FN","cv1se_either_TPR","cv1se_either_TFR","cv1se_both_FP","cv1se_both_FN","cv1se_both_TPR","cv1se_both_TFR"
"1",0.0484617598678294,23,3,0.869565217391304,0.137724550898204,22,3,0.869565217391304,0.131736526946108,0.0366990063233921,43,3,0.869565217391304,0.25748502994012,36,3,0.869565217391304,0.215568862275449,0.103751047390372,0,18,0.217391304347826,0,0,18,0.217391304347826,0
"2",0.0577176182617459,11,5,0.615384615384615,0.0621468926553672,11,5,0.615384615384615,0.0621468926553672,0.0528576044127398,13,2,0.846153846153846,0.0734463276836158,12,3,0.769230769230769,0.0677966101694915,0.0798129001147265,3,10,0.230769230769231,0.0169491525423729,3,10,0.230769230769231,0.0169491525423729
"3",0.0496139148802204,17,3,0.85,0.1,13,4,0.8,0.0764705882352941,0.0431551263979984,22,1,0.95,0.129411764705882,21,2,0.9,0.123529411764706,0.101230848086724,0,15,0.25,0,0,15,0.25,0
"4",0.0669986377645693,3,6,0.625,0.0172413793103448,2,6,0.625,0.0114942528735632,0.0483429700118981,19,4,0.75,0.109195402298851,13,4,0.75,0.0747126436781609,0.0957940179012967,0,7,0.5625,0,0,8,0.5,0
"5",0.0463813030036127,29,5,0.772727272727273,0.172619047619048,25,5,0.772727272727273,0.148809523809524,0.0430088622061387,32,5,0.772727272727273,0.19047619047619,30,5,0.772727272727273,0.178571428571429,0.102443003563383,1,17,0.227272727272727,0.00595238095238095,1,17,0.227272727272727,0.00595238095238095
"6",0.0460359794674073,23,1,0.944444444444444,0.133720930232558,22,1,0.944444444444444,0.127906976744186,0.040854333024419,29,1,0.944444444444444,0.168604651162791,24,1,0.944444444444444,0.13953488372093,0.102003099788813,0,12,0.333333333333333,0,0,12,0.333333333333333,0
"7",0.0616528758891592,7,1,0.933333333333333,0.04,5,1,0.933333333333333,0.0285714285714286,0.0432774009305704,26,1,0.933333333333333,0.148571428571429,23,1,0.933333333333333,0.131428571428571,0.0838763814605655,0,9,0.4,0,0,9,0.4,0
"8",0.0520432162452195,23,4,0.80952380952381,0.136094674556213,22,4,0.80952380952381,0.130177514792899,0.0427768104992032,33,2,0.904761904761905,0.195266272189349,29,2,0.904761904761905,0.171597633136095,0.0860878220837266,1,15,0.285714285714286,0.00591715976331361,0,15,0.285714285714286,0
"9",0.0459330255878281,27,1,0.944444444444444,0.156976744186047,25,1,0.944444444444444,0.145348837209302,0.044987107056241,27,1,0.944444444444444,0.156976744186047,25,1,0.944444444444444,0.145348837209302,0.101545420392557,0,11,0.388888888888889,0,0,11,0.388888888888889,0
"10",0.0595797954915298,8,3,0.823529411764706,0.046242774566474,7,4,0.764705882352941,0.0404624277456647,0.0470520224875289,18,1,0.941176470588235,0.104046242774566,17,1,0.941176470588235,0.0982658959537572,0.0898440643438302,0,11,0.352941176470588,0,0,12,0.294117647058824,0
"11",0.045259682115616,23,1,0.947368421052632,0.134502923976608,21,1,0.947368421052632,0.12280701754386,0.046228580330123,22,1,0.947368421052632,0.128654970760234,19,1,0.947368421052632,0.111111111111111,0.091869775318249,1,14,0.263157894736842,0.00584795321637427,1,14,0.263157894736842,0.00584795321637427
"12",0.0546521076907905,16,4,0.80952380952381,0.0946745562130177,14,4,0.80952380952381,0.0828402366863905,0.0434657297502384,25,4,0.80952380952381,0.14792899408284,23,4,0.80952380952381,0.136094674556213,0.0938452514532224,1,13,0.380952380952381,0.00591715976331361,0,14,0.333333333333333,0
"13",0.0515983783285851,18,2,0.875,0.103448275862069,15,3,0.8125,0.0862068965517241,0.0421326508455105,35,1,0.9375,0.201149425287356,30,1,0.9375,0.172413793103448,0.0978400520364722,1,12,0.25,0.00574712643678161,1,12,0.25,0.00574712643678161
"14",0.0452797587485362,27,0,1,0.16875,25,0,1,0.15625,0.0340482610618195,49,0,1,0.30625,43,0,1,0.26875,0.0984759498374045,1,21,0.3,0.00625,0,22,0.266666666666667,0
"15",0.0520682824476089,17,1,0.888888888888889,0.0939226519337017,16,1,0.888888888888889,0.0883977900552486,0.0569011874865526,8,1,0.888888888888889,0.0441988950276243,7,1,0.888888888888889,0.0386740331491713,0.076843763573006,4,6,0.333333333333333,0.0220994475138122,1,6,0.333333333333333,0.00552486187845304
"16",0.0484986137010255,24,2,0.9,0.141176470588235,23,2,0.9,0.135294117647059,0.0472250898872304,24,2,0.9,0.141176470588235,24,2,0.9,0.141176470588235,0.100893568941058,0,15,0.25,0,0,16,0.2,0
"17",0.0444961967672156,30,3,0.869565217391304,0.179640718562874,24,3,0.869565217391304,0.143712574850299,0.0438860821648859,31,3,0.869565217391304,0.18562874251497,26,3,0.869565217391304,0.155688622754491,0.105496278360719,0,16,0.304347826086957,0,0,16,0.304347826086957,0
"18",0.0609464792147977,14,7,0.588235294117647,0.0809248554913295,10,8,0.529411764705882,0.0578034682080925,0.0514654642420171,26,6,0.647058823529412,0.15028901734104,24,6,0.647058823529412,0.138728323699422,0.0810023035865092,1,11,0.352941176470588,0.00578034682080925,1,12,0.294117647058824,0.00578034682080925
"19",0.0495796640540711,22,4,0.8,0.129411764705882,13,5,0.75,0.0764705882352941,0.0417006803976824,30,4,0.8,0.176470588235294,27,4,0.8,0.158823529411765,0.101300320791125,0,12,0.4,0,0,13,0.35,0
"20",0.0636053911819019,4,3,0.785714285714286,0.0227272727272727,4,3,0.785714285714286,0.0227272727272727,0.0549370600095599,10,3,0.785714285714286,0.0568181818181818,7,3,0.785714285714286,0.0397727272727273,0.0820917360166279,0,10,0.285714285714286,0,0,10,0.285714285714286,0
"21",0.06122356862351,10,7,0.681818181818182,0.0595238095238095,8,8,0.636363636363636,0.0476190476190476,0.0417517832561649,37,1,0.954545454545455,0.220238095238095,33,1,0.954545454545455,0.196428571428571,0.0959765613521979,1,15,0.318181818181818,0.00595238095238095,0,17,0.227272727272727,0
"22",0.046518985517044,28,0,1,0.164705882352941,24,2,0.9,0.141176470588235,0.0376089793605199,44,0,1,0.258823529411765,40,0,1,0.235294117647059,0.101354116115153,1,12,0.4,0.00588235294117647,0,13,0.35,0
"23",0.0517814793560486,21,3,0.785714285714286,0.119318181818182,17,3,0.785714285714286,0.0965909090909091,0.0473402851370211,27,3,0.785714285714286,0.153409090909091,25,3,0.785714285714286,0.142045454545455,0.0811956977009846,3,7,0.5,0.0170454545454545,3,9,0.357142857142857,0.0170454545454545
"24",0.0516615285082103,16,6,0.739130434782609,0.0958083832335329,13,7,0.695652173913043,0.0778443113772455,0.0458510270251195,28,6,0.739130434782609,0.167664670658683,18,6,0.739130434782609,0.107784431137725,0.0990361343523494,0,15,0.347826086956522,0,0,16,0.304347826086957,0
"25",0.0529938247030804,20,2,0.846153846153846,0.112994350282486,18,2,0.846153846153846,0.101694915254237,0.0397585732474813,35,2,0.846153846153846,0.19774011299435,33,2,0.846153846153846,0.186440677966102,0.0958364989504486,1,9,0.307692307692308,0.00564971751412429,1,9,0.307692307692308,0.00564971751412429
"26",0.0490696147948536,19,2,0.8,0.105555555555556,17,2,0.8,0.0944444444444444,0.0478415787023007,21,2,0.8,0.116666666666667,18,2,0.8,0.1,0.0885703837019277,1,3,0.7,0.00555555555555556,1,5,0.5,0.00555555555555556
"27",0.0524913951365203,16,3,0.769230769230769,0.0903954802259887,13,3,0.769230769230769,0.0734463276836158,0.0525425280396754,16,3,0.769230769230769,0.0903954802259887,13,3,0.769230769230769,0.0734463276836158,0.0984534785849603,0,6,0.538461538461538,0,0,6,0.538461538461538,0
"28",0.0563121793052226,8,7,0.708333333333333,0.0481927710843374,7,7,0.708333333333333,0.0421686746987952,0.0425310739986347,21,5,0.791666666666667,0.126506024096386,18,5,0.791666666666667,0.108433734939759,0.0994654744074818,0,15,0.375,0,0,16,0.333333333333333,0
"29",0.0547296728621285,14,1,0.923076923076923,0.0790960451977401,13,1,0.923076923076923,0.0734463276836158,0.0550416999778088,14,1,0.923076923076923,0.0790960451977401,13,1,0.923076923076923,0.0734463276836158,0.0865578439632278,0,8,0.384615384615385,0,0,8,0.384615384615385,0
"30",0.0585580380947953,9,6,0.727272727272727,0.0535714285714286,6,6,0.727272727272727,0.0357142857142857,0.0409674071816862,33,3,0.863636363636364,0.196428571428571,30,3,0.863636363636364,0.178571428571429,0.103135181316654,0,16,0.272727272727273,0,0,18,0.181818181818182,0
"31",0.0494477576117087,25,5,0.791666666666667,0.150602409638554,22,5,0.791666666666667,0.132530120481928,0.0398427798368417,40,2,0.916666666666667,0.240963855421687,35,3,0.875,0.210843373493976,0.0891709842730225,1,13,0.458333333333333,0.00602409638554217,1,13,0.458333333333333,0.00602409638554217
"32",0.0511471479829614,24,2,0.866666666666667,0.137142857142857,21,2,0.866666666666667,0.12,0.043841370743127,37,1,0.933333333333333,0.211428571428571,33,2,0.866666666666667,0.188571428571429,0.0866658061987524,0,9,0.4,0,0,9,0.4,0
"33",0.0545236110433477,14,5,0.6875,0.0804597701149425,11,6,0.625,0.0632183908045977,0.0470923843975071,24,4,0.75,0.137931034482759,20,5,0.6875,0.114942528735632,0.0858344751205419,1,9,0.4375,0.00574712643678161,1,9,0.4375,0.00574712643678161
"34",0.0585684518175454,9,4,0.84,0.0545454545454545,5,5,0.8,0.0303030303030303,0.0442234487406383,22,2,0.92,0.133333333333333,21,2,0.92,0.127272727272727,0.109057192077242,0,18,0.28,0,0,19,0.24,0
"35",0.0402362427317116,38,0,1,0.219653179190751,34,0,1,0.196531791907514,0.0410302695216054,35,0,1,0.202312138728324,32,0,1,0.184971098265896,0.101722877984442,0,11,0.352941176470588,0,0,11,0.352941176470588,0
"36",0.0610817529117294,7,2,0.866666666666667,0.04,6,2,0.866666666666667,0.0342857142857143,0.0446000316469938,23,0,1,0.131428571428571,21,1,0.933333333333333,0.12,0.0989016768523221,0,9,0.4,0,0,10,0.333333333333333,0
"37",0.0575448312571721,14,5,0.722222222222222,0.0813953488372093,10,5,0.722222222222222,0.0581395348837209,0.0444536827636457,33,3,0.833333333333333,0.191860465116279,26,3,0.833333333333333,0.151162790697674,0.103154229276455,0,12,0.333333333333333,0,0,12,0.333333333333333,0
"38",0.0373487314415185,34,2,0.931034482758621,0.211180124223602,31,2,0.931034482758621,0.192546583850932,0.0416569512206302,28,3,0.896551724137931,0.173913043478261,23,4,0.862068965517241,0.142857142857143,0.106449269278015,1,20,0.310344827586207,0.0062111801242236,1,20,0.310344827586207,0.0062111801242236
"39",0.0535019755244545,14,2,0.909090909090909,0.0833333333333333,14,2,0.909090909090909,0.0833333333333333,0.0405829698106793,43,2,0.909090909090909,0.255952380952381,36,2,0.909090909090909,0.214285714285714,0.102462309164216,1,16,0.272727272727273,0.00595238095238095,1,17,0.227272727272727,0.00595238095238095
"40",0.0540302247590348,20,4,0.80952380952381,0.118343195266272,18,6,0.714285714285714,0.106508875739645,0.0392975075015555,33,1,0.952380952380952,0.195266272189349,30,2,0.904761904761905,0.177514792899408,0.100498748088584,0,16,0.238095238095238,0,0,16,0.238095238095238,0
"41",0.0591135174863126,8,6,0.7,0.0470588235294118,7,7,0.65,0.0411764705882353,0.0427258589273742,23,1,0.95,0.135294117647059,21,1,0.95,0.123529411764706,0.0995104216946948,1,13,0.35,0.00588235294117647,1,13,0.35,0.00588235294117647
"42",0.0458759774587555,20,2,0.9,0.117647058823529,16,2,0.9,0.0941176470588235,0.0457088140332725,20,1,0.95,0.117647058823529,16,2,0.9,0.0941176470588235,0.091760917060478,1,8,0.6,0.00588235294117647,0,10,0.5,0
"43",0.060529552139286,6,7,0.695652173913043,0.0359281437125748,4,7,0.695652173913043,0.0239520958083832,0.0409474152244701,27,2,0.91304347826087,0.161676646706587,25,2,0.91304347826087,0.149700598802395,0.10193525756719,1,17,0.260869565217391,0.00598802395209581,1,19,0.173913043478261,0.00598802395209581
"44",0.0572890373542728,9,5,0.75,0.0529411764705882,9,7,0.65,0.0529411764705882,0.0478931142129668,16,3,0.85,0.0941176470588235,15,4,0.8,0.0882352941176471,0.0853775319476831,1,12,0.4,0.00588235294117647,1,14,0.3,0.00588235294117647
"45",0.0640208063913475,6,5,0.722222222222222,0.0348837209302326,5,5,0.722222222222222,0.0290697674418605,0.046978781864172,23,3,0.833333333333333,0.133720930232558,16,3,0.833333333333333,0.0930232558139535,0.102415536974533,0,12,0.333333333333333,0,0,12,0.333333333333333,0
"46",0.0499812461964899,21,0,1,0.123529411764706,19,0,1,0.111764705882353,0.041036420536581,34,0,1,0.2,29,0,1,0.170588235294118,0.109203648052821,0,15,0.25,0,0,15,0.25,0
"47",0.0695438683123435,6,7,0.588235294117647,0.0346820809248555,5,8,0.529411764705882,0.0289017341040462,0.042912682486108,30,1,0.941176470588235,0.173410404624277,25,1,0.941176470588235,0.144508670520231,0.089498396718237,0,11,0.352941176470588,0,0,11,0.352941176470588,0
"48",0.0421221000770363,31,2,0.894736842105263,0.181286549707602,28,2,0.894736842105263,0.16374269005848,0.0412455806441319,33,2,0.894736842105263,0.192982456140351,30,2,0.894736842105263,0.175438596491228,0.0987676508680341,0,12,0.368421052631579,0,0,12,0.368421052631579,0
"49",0.0534324903703235,20,1,0.933333333333333,0.114285714285714,20,2,0.866666666666667,0.114285714285714,0.0430763036980721,31,1,0.933333333333333,0.177142857142857,31,1,0.933333333333333,0.177142857142857,0.0988952920225057,1,9,0.4,0.00571428571428571,1,11,0.266666666666667,0.00571428571428571
"50",0.0461491818493412,33,4,0.818181818181818,0.196428571428571,29,5,0.772727272727273,0.172619047619048,0.0418325373086778,39,4,0.818181818181818,0.232142857142857,35,4,0.818181818181818,0.208333333333333,0.0974213930817466,0,17,0.227272727272727,0,0,17,0.227272727272727,0
