"","lambda_rmse","RMSE_either_FP","RMSE_either_FN","RMSE_either_TPR","RMSE_either_TFR","RMSE_both_FP","RMSE_both_FN","RMSE_both_TPR","RMSE_both_TFR","lambda_cv_min","cv_min_either_FP","cv_min_either_FN","cv_min_either_TPR","cv_min_either_TFR","cv_min_both_FP","cv_min_both_FN","cv_min_both_TPR","cv_min_both_TFR","lambda_cv1se","cv1se_either_FP","cv1se_either_FN","cv1se_either_TPR","cv1se_either_TFR","cv1se_both_FP","cv1se_both_FN","cv1se_both_TPR","cv1se_both_TFR"
"1",0.481976737206306,77,114,0.109375,0.0701914311759344,25,122,0.046875,0.0227894257064722,0.511902620254094,68,117,0.0859375,0.0619872379216044,23,123,0.0390625,0.0209662716499544,0.676597969900114,31,122,0.046875,0.0282588878760255,8,126,0.015625,0.0072926162260711
"2",0.5735552907363,39,127,0.0451127819548872,0.0357142857142857,15,131,0.0150375939849624,0.0137362637362637,0.413195322161151,87,120,0.0977443609022556,0.0796703296703297,42,125,0.0601503759398496,0.0384615384615385,0.605648619567408,34,127,0.0451127819548872,0.0311355311355311,12,131,0.0150375939849624,0.010989010989011
"3",0.443995523936519,89,106,0.0862068965517241,0.0802524797114518,41,114,0.0172413793103448,0.0369702434625789,0.485318561820471,76,106,0.0862068965517241,0.0685302073940487,33,114,0.0172413793103448,0.0297565374211001,0.66732596281725,27,113,0.0258620689655172,0.024346257889991,8,115,0.00862068965517241,0.00721370604147881
"4",0.633328324635718,35,116,0.0491803278688525,0.0317316409791478,13,121,0.00819672131147541,0.0117860380779692,0.510087614031722,70,113,0.0737704918032787,0.0634632819582956,24,119,0.0245901639344262,0.0217588395285585,0.624567620188549,37,116,0.0491803278688525,0.0335448776065277,14,121,0.00819672131147541,0.0126926563916591
"5",0.501963257798274,61,122,0.046875,0.0556061987237922,25,126,0.015625,0.0227894257064722,0.389220445147181,99,119,0.0703125,0.0902461257976299,43,124,0.03125,0.0391978122151322,0.634129515638205,33,126,0.015625,0.0300820419325433,13,126,0.015625,0.0118505013673655
"6",0.583393336894917,48,111,0.0512820512820513,0.0433212996389892,19,114,0.0256410256410256,0.0171480144404332,0.528317398904834,59,109,0.0683760683760684,0.0532490974729242,26,113,0.0341880341880342,0.0234657039711191,0.665202261978564,31,114,0.0256410256410256,0.0279783393501805,9,114,0.0256410256410256,0.00812274368231047
"7",0.516474107227463,70,126,0.0307692307692308,0.0639269406392694,30,127,0.0230769230769231,0.0273972602739726,0.403160952624656,100,122,0.0615384615384615,0.091324200913242,41,127,0.0230769230769231,0.0374429223744292,0.662120668177078,41,126,0.0307692307692308,0.0374429223744292,11,128,0.0153846153846154,0.0100456621004566
"8",0.4945161539684,66,105,0.0625,0.0592991913746631,31,108,0.0357142857142857,0.0278526504941599,0.443548339620925,82,105,0.0625,0.0736747529200359,37,108,0.0357142857142857,0.0332434860736747,0.607869434356483,37,108,0.0357142857142857,0.0332434860736747,15,110,0.0178571428571429,0.0134770889487871
"9",0.530127351810545,67,98,0.0841121495327103,0.0599284436493739,33,106,0.00934579439252336,0.0295169946332737,0.481296265298546,77,96,0.102803738317757,0.0688729874776386,40,106,0.00934579439252336,0.035778175313059,0.639955632884345,50,102,0.0467289719626168,0.0447227191413238,14,107,0,0.0125223613595707
"10",0.446231529583465,71,121,0.032,0.0645454545454545,39,123,0.016,0.0354545454545455,0.410118287789847,86,120,0.04,0.0781818181818182,43,123,0.016,0.0390909090909091,0.625381622859499,35,123,0.016,0.0318181818181818,17,124,0.008,0.0154545454545455
"11",0.479991078600457,64,104,0.0714285714285714,0.0575022461814915,29,106,0.0535714285714286,0.0260557053009883,0.443770453300095,78,102,0.0892857142857143,0.0700808625336927,34,106,0.0535714285714286,0.0305480682839173,0.619010203216458,38,107,0.0446428571428571,0.0341419586702606,12,111,0.00892857142857143,0.0107816711590297
"12",0.498319264073738,75,107,0.108333333333333,0.0678733031674208,29,113,0.0583333333333333,0.0262443438914027,0.436544445534977,90,107,0.108333333333333,0.081447963800905,38,113,0.0583333333333333,0.0343891402714932,0.599587246139626,45,110,0.0833333333333333,0.0407239819004525,18,114,0.05,0.016289592760181
"13",0.491185018392307,56,94,0.06,0.0497777777777778,23,98,0.02,0.0204444444444444,0.45537775035533,67,92,0.08,0.0595555555555556,34,98,0.02,0.0302222222222222,0.582534443587337,36,97,0.03,0.032,11,99,0.01,0.00977777777777778
"14",0.544532386916014,54,91,0.116504854368932,0.0481283422459893,22,97,0.058252427184466,0.0196078431372549,0.452625566316838,86,88,0.145631067961165,0.0766488413547237,35,95,0.0776699029126214,0.0311942959001783,0.606514083431413,41,92,0.106796116504854,0.036541889483066,12,98,0.0485436893203883,0.0106951871657754
"15",0.501820344945531,66,95,0.05,0.0586666666666667,24,97,0.03,0.0213333333333333,0.443905367173388,84,94,0.06,0.0746666666666667,30,97,0.03,0.0266666666666667,0.589077684625727,45,97,0.03,0.04,16,98,0.02,0.0142222222222222
"16",0.520970224379944,49,115,0.0416666666666667,0.0443438914027149,19,118,0.0166666666666667,0.0171945701357466,0.42219261645026,85,113,0.0583333333333333,0.0769230769230769,32,117,0.025,0.0289592760180995,0.567934287955253,37,115,0.0416666666666667,0.0334841628959276,11,118,0.0166666666666667,0.00995475113122172
"17",0.516088282449647,62,109,0.0991735537190083,0.0561594202898551,27,114,0.0578512396694215,0.0244565217391304,0.384573751639302,101,104,0.140495867768595,0.0914855072463768,48,112,0.0743801652892562,0.0434782608695652,0.596540720715141,46,110,0.0909090909090909,0.0416666666666667,14,116,0.0413223140495868,0.0126811594202899
"18",0.545533466399734,76,102,0.0467289719626168,0.0679785330948122,30,104,0.0280373831775701,0.0268336314847943,0.416897750745508,108,98,0.0841121495327103,0.0966010733452594,55,102,0.0467289719626168,0.0491949910554562,0.645287116435968,49,102,0.0467289719626168,0.0438282647584973,10,104,0.0280373831775701,0.00894454382826476
"19",0.560448727417624,48,112,0.0344827586206897,0.0432822362488729,12,112,0.0344827586206897,0.0108205590622182,0.496679132355,74,110,0.0517241379310345,0.066726780883679,25,112,0.0344827586206897,0.0225428313796213,0.658068677731249,19,112,0.0344827586206897,0.0171325518485122,6,114,0.0172413793103448,0.00541027953110911
"20",0.488677030825641,54,107,0.0530973451327434,0.0485611510791367,15,108,0.0442477876106195,0.0134892086330935,0.43346556528474,76,104,0.079646017699115,0.0683453237410072,24,108,0.0442477876106195,0.0215827338129496,0.555588913509719,42,108,0.0442477876106195,0.0377697841726619,8,109,0.0353982300884956,0.00719424460431655
"21",0.591088091226812,53,128,0.0229007633587786,0.0484460694698355,15,130,0.00763358778625954,0.0137111517367459,0.41706788810527,94,123,0.0610687022900763,0.0859232175502742,50,126,0.0381679389312977,0.0457038391224863,0.637222102377558,41,128,0.0229007633587786,0.0374771480804388,12,130,0.00763358778625954,0.0109689213893967
"22",0.585210967695267,53,103,0.0462962962962963,0.0474485228290063,24,106,0.0185185185185185,0.0214861235452104,0.455718613541484,86,100,0.0740740740740741,0.0769919427036705,44,104,0.037037037037037,0.0393912264995524,0.641719666846537,45,103,0.0462962962962963,0.0402864816472695,13,107,0.00925925925925926,0.0116383169203223
"23",0.647779157187614,46,120,0.04,0.0418181818181818,13,125,0,0.0118181818181818,0.511128772021248,79,112,0.104,0.0718181818181818,34,123,0.016,0.0309090909090909,0.655220715700336,43,120,0.04,0.0390909090909091,12,125,0,0.0109090909090909
"24",0.506701809098307,64,118,0.0483870967741935,0.0581289736603088,24,120,0.032258064516129,0.0217983651226158,0.412876932052728,96,114,0.0806451612903226,0.0871934604904632,36,119,0.0403225806451613,0.0326975476839237,0.598947094946359,48,119,0.0403225806451613,0.0435967302452316,19,123,0.00806451612903226,0.0172570390554042
"25",0.473998566939849,60,123,0.0888888888888889,0.055045871559633,26,130,0.037037037037037,0.0238532110091743,0.431870798811732,73,122,0.0962962962962963,0.0669724770642202,33,127,0.0592592592592593,0.0302752293577982,0.620521877034282,33,131,0.0296296296296296,0.0302752293577982,11,135,0,0.0100917431192661
"26",0.523415430683597,59,121,0.0833333333333333,0.0539798719121683,28,128,0.0303030303030303,0.0256175663311985,0.4749159605585,78,119,0.0984848484848485,0.0713632204940531,36,127,0.0378787878787879,0.0329368709972553,0.67103363401079,29,124,0.0606060606060606,0.0265324794144556,10,131,0.00757575757575758,0.00914913083257091
"27",0.475596612048758,71,119,0.0916030534351145,0.0648994515539305,40,125,0.0458015267175573,0.036563071297989,0.391915957672779,99,114,0.129770992366412,0.0904936014625228,50,124,0.0534351145038168,0.0457038391224863,0.592518600597278,50,125,0.0458015267175573,0.0457038391224863,22,129,0.0152671755725191,0.020109689213894
"28",0.553840998465218,50,110,0.0517241379310345,0.0450856627592426,10,112,0.0344827586206897,0.00901713255184851,0.430893971037637,82,106,0.0862068965517241,0.0739404869251578,30,110,0.0517241379310345,0.0270513976555455,0.607316779243662,45,110,0.0517241379310345,0.0405770964833183,6,113,0.0258620689655172,0.00541027953110911
"29",0.632423861418227,34,97,0.0490196078431373,0.0302760463045414,9,101,0.00980392156862745,0.00801424755120214,0.482777598785557,74,94,0.0784313725490196,0.0658949243098842,25,98,0.0392156862745098,0.0222617987533393,0.6364225560332,34,97,0.0490196078431373,0.0302760463045414,9,101,0.00980392156862745,0.00801424755120214
"30",0.468209572795547,69,123,0.0538461538461538,0.063013698630137,26,127,0.0230769230769231,0.0237442922374429,0.389646407319281,93,122,0.0615384615384615,0.0849315068493151,46,125,0.0384615384615385,0.0420091324200913,0.621164947080231,41,128,0.0153846153846154,0.0374429223744292,14,129,0.00769230769230769,0.0127853881278539
"31",0.561171197066123,50,106,0.0701754385964912,0.045004500450045,18,110,0.0350877192982456,0.0162016201620162,0.475296186739714,73,103,0.0964912280701754,0.0657065706570657,33,109,0.043859649122807,0.0297029702970297,0.586341783429311,45,108,0.0526315789473684,0.0405040504050405,12,112,0.0175438596491228,0.0108010801080108
"32",0.526557415931054,52,113,0.0583333333333333,0.0470588235294118,24,116,0.0333333333333333,0.0217194570135747,0.47806558149882,69,113,0.0583333333333333,0.0624434389140271,32,116,0.0333333333333333,0.0289592760180995,0.643551349494655,35,115,0.0416666666666667,0.0316742081447964,10,118,0.0166666666666667,0.00904977375565611
"33",0.560144107222006,50,117,0.040983606557377,0.0453309156844968,11,121,0.00819672131147541,0.0099728014505893,0.429374240734754,90,115,0.0573770491803279,0.0815956482320943,34,119,0.0245901639344262,0.0308250226654578,0.568051853333287,48,117,0.040983606557377,0.043517679057117,11,121,0.00819672131147541,0.0099728014505893
"34",0.400137227045533,90,112,0.0666666666666667,0.081447963800905,44,118,0.0166666666666667,0.0398190045248869,0.426183982954913,82,113,0.0583333333333333,0.0742081447963801,40,118,0.0166666666666667,0.0361990950226244,0.601712792268977,45,116,0.0333333333333333,0.0407239819004525,13,119,0.00833333333333333,0.0117647058823529
"35",0.582131650780636,47,115,0.0254237288135593,0.042457091237579,16,118,0,0.014453477868112,0.477407739103343,71,111,0.0593220338983051,0.0641373080397471,32,116,0.0169491525423729,0.028906955736224,0.605646859279332,44,116,0.0169491525423729,0.039747064137308,13,118,0,0.011743450767841
"36",0.491274860640304,81,129,0.0444444444444444,0.0743119266055046,36,133,0.0148148148148148,0.0330275229357798,0.502706178266772,78,129,0.0444444444444444,0.0715596330275229,35,133,0.0148148148148148,0.0321100917431193,0.659881747429572,34,132,0.0222222222222222,0.0311926605504587,11,134,0.00740740740740741,0.0100917431192661
"37",0.581000959502406,46,106,0.0701754385964912,0.0414041404140414,15,109,0.043859649122807,0.0135013501350135,0.432398048988062,87,106,0.0701754385964912,0.0783078307830783,39,107,0.0614035087719298,0.0351035103510351,0.612283052582914,44,107,0.0614035087719298,0.0396039603960396,11,110,0.0350877192982456,0.0099009900990099
"38",0.487605992748293,78,107,0.0614035087719298,0.0702070207020702,36,114,0,0.0324032403240324,0.40923716943889,98,106,0.0701754385964912,0.0882088208820882,51,113,0.0087719298245614,0.0459045904590459,0.652379740075653,38,113,0.0087719298245614,0.0342034203420342,9,114,0,0.0081008100810081
"39",0.50988558462431,61,130,0.0441176470588235,0.0560146923783287,28,133,0.0220588235294118,0.0257116620752984,0.452931205631156,73,127,0.0661764705882353,0.0670339761248852,39,132,0.0294117647058824,0.0358126721763085,0.602759291154204,47,133,0.0220588235294118,0.0431588613406795,19,135,0.00735294117647059,0.0174471992653811
"40",0.538857575125319,54,101,0.0560747663551402,0.0483005366726297,20,104,0.0280373831775701,0.0178890876565295,0.474641996079563,73,101,0.0560747663551402,0.0652951699463327,31,103,0.0373831775700935,0.0277280858676208,0.589135184237766,37,102,0.0467289719626168,0.0330948121645796,12,105,0.0186915887850467,0.0107334525939177
"41",0.445382574216326,86,104,0.079646017699115,0.0773381294964029,33,110,0.0265486725663717,0.0296762589928058,0.405740456516407,95,104,0.079646017699115,0.085431654676259,43,109,0.0353982300884956,0.0386690647482014,0.570496284601579,43,111,0.0176991150442478,0.0386690647482014,13,112,0.00884955752212389,0.0116906474820144
"42",0.440426491164013,78,115,0.0573770491803279,0.0707162284678151,34,116,0.0491803278688525,0.0308250226654578,0.428174080254432,84,115,0.0573770491803279,0.0761559383499547,37,116,0.0491803278688525,0.0335448776065277,0.581946732196958,42,117,0.040983606557377,0.0380779691749773,14,120,0.0163934426229508,0.0126926563916591
"43",0.576458801938092,53,113,0.0173913043478261,0.0477477477477477,24,115,0,0.0216216216216216,0.527372342741408,65,112,0.0260869565217391,0.0585585585585586,30,113,0.0173913043478261,0.027027027027027,0.684291161968974,38,115,0,0.0342342342342342,13,115,0,0.0117117117117117
"44",0.608824903949384,52,114,0.0256410256410256,0.0469314079422383,17,115,0.0170940170940171,0.0153429602888087,0.373427260290366,114,110,0.0598290598290598,0.102888086642599,59,112,0.0427350427350427,0.0532490974729242,0.60374343847853,53,114,0.0256410256410256,0.0478339350180505,17,115,0.0170940170940171,0.0153429602888087
"45",0.627606078096612,47,114,0.0420168067226891,0.04249547920434,13,116,0.0252100840336134,0.011754068716094,0.484335321414765,85,110,0.0756302521008403,0.0768535262206148,35,115,0.0336134453781513,0.0316455696202532,0.651769763838621,38,114,0.0420168067226891,0.0343580470162749,12,116,0.0252100840336134,0.0108499095840868
"46",0.485026493347385,71,115,0.0725806451612903,0.0644868301544051,29,122,0.0161290322580645,0.0263396911898274,0.369769680794543,103,112,0.0967741935483871,0.0935513169845595,55,117,0.0564516129032258,0.0499545867393279,0.581291158130075,45,120,0.032258064516129,0.0408719346049046,11,122,0.0161290322580645,0.00999091734786558
"47",0.489117870303532,66,133,0.0827586206896552,0.0611111111111111,26,139,0.0413793103448276,0.0240740740740741,0.497978048984677,64,134,0.0758620689655172,0.0592592592592593,26,140,0.0344827586206897,0.0240740740740741,0.616711389925361,43,139,0.0413793103448276,0.0398148148148148,9,142,0.0206896551724138,0.00833333333333333
"48",0.521128604555347,54,116,0.0491803278688525,0.0489573889392566,24,120,0.0163934426229508,0.0217588395285585,0.429762558077128,79,113,0.0737704918032787,0.071622846781505,41,118,0.0327868852459016,0.0371713508612874,0.611705250729004,40,118,0.0327868852459016,0.0362647325475975,15,121,0.00819672131147541,0.013599274705349
"49",0.510985948364003,68,115,0.0725806451612903,0.0617620345140781,28,119,0.0403225806451613,0.0254314259763851,0.403119024642963,95,111,0.104838709677419,0.0862851952770209,46,118,0.0483870967741935,0.041780199818347,0.59402459252755,58,116,0.0645161290322581,0.0526793823796549,16,122,0.0161290322580645,0.0145322434150772
"50",0.385461632443858,96,105,0.102564102564103,0.0866425992779783,45,111,0.0512820512820513,0.0406137184115523,0.451051769917805,79,108,0.0769230769230769,0.0712996389891697,34,113,0.0341880341880342,0.0306859205776173,0.581300262094658,50,110,0.0598290598290598,0.0451263537906137,15,116,0.00854700854700855,0.0135379061371841
