"","lambda_rmse","RMSE_either_FP","RMSE_either_FN","RMSE_either_TPR","RMSE_either_TFR","RMSE_both_FP","RMSE_both_FN","RMSE_both_TPR","RMSE_both_TFR","lambda_cv_min","cv_min_either_FP","cv_min_either_FN","cv_min_either_TPR","cv_min_either_TFR","cv_min_both_FP","cv_min_both_FN","cv_min_both_TPR","cv_min_both_TFR","lambda_cv1se","cv1se_either_FP","cv1se_either_FN","cv1se_either_TPR","cv1se_either_TFR","cv1se_both_FP","cv1se_both_FN","cv1se_both_TPR","cv1se_both_TFR"
"1",0.0590786870110812,79,26,0.8,0.0721461187214612,60,30,0.769230769230769,0.0547945205479452,0.0390335329575384,254,8,0.938461538461538,0.231963470319635,207,10,0.923076923076923,0.189041095890411,0.114269819879873,0,104,0.2,0,0,108,0.169230769230769,0
"2",0.0502407175202423,135,21,0.8359375,0.12306289881495,110,23,0.8203125,0.100273473108478,0.042492779471658,227,18,0.859375,0.206927985414768,180,19,0.8515625,0.1640838650866,0.116748931759992,0,102,0.203125,0,0,106,0.171875,0
"3",0.0679959718839365,36,30,0.739130434782609,0.0324324324324324,31,34,0.704347826086957,0.0279279279279279,0.0450620375197226,168,9,0.921739130434783,0.151351351351351,139,11,0.904347826086957,0.125225225225225,0.113014363265607,1,91,0.208695652173913,0.000900900900900901,0,94,0.182608695652174,0
"4",0.0487830066820894,165,15,0.870689655172414,0.1487826871055,132,18,0.844827586206897,0.1190261496844,0.0419891393586664,219,10,0.913793103448276,0.197475202885482,189,13,0.887931034482759,0.170423805229937,0.115255399815186,2,93,0.198275862068966,0.0018034265103697,1,96,0.172413793103448,0.000901713255184851
"5",0.0585790648398426,85,28,0.791044776119403,0.077910174152154,71,31,0.76865671641791,0.0650779101741522,0.0402375511525375,240,11,0.917910447761194,0.219981668194317,202,13,0.902985074626866,0.185151237396884,0.111622541209517,0,108,0.194029850746269,0,0,113,0.156716417910448,0
"6",0.0469680604544512,171,14,0.896296296296296,0.156880733944954,142,17,0.874074074074074,0.130275229357798,0.0418323301121455,237,10,0.925925925925926,0.21743119266055,183,13,0.903703703703704,0.167889908256881,0.122013849624763,0,110,0.185185185185185,0,0,114,0.155555555555556,0
"7",0.0660521875137964,52,48,0.652173913043478,0.0478380864765409,38,54,0.608695652173913,0.0349586016559338,0.0424644935783631,204,17,0.876811594202899,0.187672493100276,168,20,0.855072463768116,0.154553817847286,0.117826460404367,0,119,0.13768115942029,0,0,122,0.115942028985507,0
"8",0.0619851802317322,41,25,0.795081967213115,0.0371713508612874,35,28,0.770491803278688,0.0317316409791478,0.046528767529796,161,14,0.885245901639344,0.14596554850408,125,15,0.877049180327869,0.113327289211242,0.122154556136912,0,99,0.188524590163934,0,0,104,0.147540983606557,0
"9",0.0523656435670831,122,15,0.888888888888889,0.111926605504587,97,19,0.859259259259259,0.0889908256880734,0.038483320034993,262,8,0.940740740740741,0.240366972477064,224,8,0.940740740740741,0.205504587155963,0.117033748161075,1,107,0.207407407407407,0.000917431192660551,1,110,0.185185185185185,0.000917431192660551
"10",0.0569183471713266,91,19,0.804123711340206,0.0806737588652482,77,22,0.77319587628866,0.0682624113475177,0.0458740085285908,175,9,0.907216494845361,0.155141843971631,133,10,0.896907216494845,0.11790780141844,0.115844801298945,0,80,0.175257731958763,0,0,85,0.123711340206186,0
"11",0.0559926927082155,86,24,0.801652892561983,0.0778985507246377,77,25,0.793388429752066,0.0697463768115942,0.0431256495824268,200,12,0.900826446280992,0.181159420289855,160,15,0.87603305785124,0.144927536231884,0.113438576963461,1,101,0.165289256198347,0.000905797101449275,1,104,0.140495867768595,0.000905797101449275
"12",0.0512573802960271,120,22,0.808695652173913,0.108108108108108,94,23,0.8,0.0846846846846847,0.0461129852620819,158,17,0.852173913043478,0.142342342342342,130,20,0.826086956521739,0.117117117117117,0.121761420478009,0,95,0.173913043478261,0,0,100,0.130434782608696,0
"13",0.0553625988796787,85,21,0.840909090909091,0.0777676120768527,65,26,0.803030303030303,0.0594693504117109,0.0432630782043624,186,12,0.909090909090909,0.170173833485819,147,14,0.893939393939394,0.134492223238792,0.114991307042136,1,106,0.196969696969697,0.000914913083257091,1,109,0.174242424242424,0.000914913083257091
"14",0.0558113123616385,79,24,0.804878048780488,0.0716878402903811,63,25,0.796747967479675,0.0571687840290381,0.0481784918841753,136,19,0.845528455284553,0.123411978221416,101,21,0.829268292682927,0.0916515426497278,0.119442606595215,1,97,0.211382113821138,0.000907441016333938,0,105,0.146341463414634,0
"15",0.0557864582082723,86,20,0.841269841269841,0.078252957233849,75,24,0.80952380952381,0.0682438580527752,0.0445782970674359,166,12,0.904761904761905,0.151046405823476,123,13,0.896825396825397,0.111919927206551,0.120221690714078,0,105,0.166666666666667,0,0,105,0.166666666666667,0
"16",0.0559058027489571,80,19,0.849206349206349,0.0727934485896269,68,22,0.825396825396825,0.0618744313011829,0.0432963223295873,205,14,0.888888888888889,0.186533212010919,166,16,0.873015873015873,0.151046405823476,0.11193282081139,0,101,0.198412698412698,0,0,101,0.198412698412698,0
"17",0.0534992012663274,114,13,0.872549019607843,0.101513802315227,88,13,0.872549019607843,0.0783615316117542,0.043500060475789,206,7,0.931372549019608,0.183437221727516,169,9,0.911764705882353,0.150489759572573,0.116651960731996,0,83,0.186274509803922,0,0,87,0.147058823529412,0
"18",0.0493041884625838,162,7,0.936363636363636,0.145291479820628,134,11,0.9,0.120179372197309,0.0436450956118006,211,6,0.945454545454545,0.189237668161435,179,6,0.945454545454545,0.160538116591928,0.115879948401905,1,82,0.254545454545455,0.000896860986547085,1,87,0.209090909090909,0.000896860986547085
"19",0.0576497712597308,69,21,0.798076923076923,0.0615521855486173,56,22,0.788461538461538,0.0499553969669938,0.0502123008469131,117,13,0.875,0.104371097234612,89,15,0.855769230769231,0.0793933987511151,0.11145266660632,0,81,0.221153846153846,0,0,85,0.182692307692308,0
"20",0.0567895934114814,82,19,0.811881188118812,0.0729537366548043,64,21,0.792079207920792,0.0569395017793594,0.0443960247873787,182,7,0.930693069306931,0.161921708185053,143,11,0.891089108910891,0.127224199288256,0.1095445225341,1,79,0.217821782178218,0.000889679715302491,1,85,0.158415841584158,0.000889679715302491
"21",0.0589940564363816,62,31,0.73728813559322,0.0560072267389341,50,32,0.728813559322034,0.04516711833785,0.045867690682496,163,17,0.855932203389831,0.147244805781391,126,19,0.838983050847458,0.113821138211382,0.118106040455339,0,102,0.135593220338983,0,0,104,0.11864406779661,0
"22",0.0506448505814558,131,14,0.879310344827586,0.118124436429216,101,15,0.870689655172414,0.09107303877367,0.0444364820070797,203,11,0.905172413793103,0.183047790802525,156,12,0.896551724137931,0.140667267808837,0.118573348483332,0,98,0.155172413793103,0,0,98,0.155172413793103,0
"23",0.0581730589610436,75,27,0.727272727272727,0.066607460035524,65,31,0.686868686868687,0.0577264653641208,0.0480557770437331,152,15,0.848484848484849,0.134991119005329,127,18,0.818181818181818,0.112788632326821,0.111336153259853,2,81,0.181818181818182,0.00177619893428064,1,82,0.171717171717172,0.00088809946714032
"24",0.0581137709799473,88,26,0.788617886178862,0.0798548094373866,56,28,0.772357723577236,0.0508166969147005,0.0410707575722116,232,9,0.926829268292683,0.210526315789474,195,12,0.902439024390244,0.176950998185118,0.11764648353549,1,99,0.195121951219512,0.000907441016333938,1,104,0.154471544715447,0.000907441016333938
"25",0.0560790156329426,101,23,0.817460317460317,0.091901728844404,86,27,0.785714285714286,0.078252957233849,0.0392019007916148,253,12,0.904761904761905,0.230209281164695,214,15,0.880952380952381,0.194722474977252,0.117841019074064,0,100,0.206349206349206,0,0,105,0.166666666666667,0
"26",0.0590519386482356,65,22,0.784313725490196,0.0578806767586821,50,30,0.705882352941177,0.0445235975066785,0.0520426128359507,117,16,0.843137254901961,0.104185218165628,94,17,0.833333333333333,0.0837043633125557,0.110830659437485,0,86,0.156862745098039,0,0,87,0.147058823529412,0
"27",0.0570136328640263,91,29,0.738738738738739,0.0816876122082585,77,29,0.738738738738739,0.0691202872531418,0.0437448438262431,207,13,0.882882882882883,0.185816876122083,164,17,0.846846846846847,0.14721723518851,0.119497729355112,0,90,0.189189189189189,0,0,92,0.171171171171171,0
"28",0.0545155440253245,92,29,0.788321167883212,0.0845588235294118,76,30,0.781021897810219,0.0698529411764706,0.0440273813795604,182,12,0.912408759124088,0.167279411764706,142,17,0.875912408759124,0.130514705882353,0.116361752247471,0,111,0.18978102189781,0,0,115,0.160583941605839,0
"29",0.0515794150970682,113,18,0.861538461538462,0.103196347031963,97,20,0.846153846153846,0.0885844748858448,0.04126426861218,225,11,0.915384615384615,0.205479452054795,181,12,0.907692307692308,0.165296803652968,0.109865516827328,1,95,0.269230769230769,0.00091324200913242,1,105,0.192307692307692,0.00091324200913242
"30",0.0628999766005138,62,28,0.72,0.0551111111111111,53,30,0.7,0.0471111111111111,0.047970723850187,143,15,0.85,0.127111111111111,122,18,0.82,0.108444444444444,0.112370852266448,1,86,0.14,0.000888888888888889,0,87,0.13,0
"31",0.0569672134941637,71,28,0.747747747747748,0.0637342908438061,57,35,0.684684684684685,0.0511669658886894,0.0502071604038043,112,18,0.837837837837838,0.100538599640934,88,22,0.801801801801802,0.0789946140035907,0.1133830761717,1,91,0.18018018018018,0.000897666068222621,1,92,0.171171171171171,0.000897666068222621
"32",0.0547054778131333,92,18,0.856,0.0836363636363636,72,23,0.816,0.0654545454545455,0.0428371333998407,192,11,0.912,0.174545454545455,155,12,0.904,0.140909090909091,0.120606246890651,0,104,0.168,0,0,108,0.136,0
"33",0.0563874961854563,88,20,0.831932773109244,0.0795660036166365,70,22,0.815126050420168,0.0632911392405063,0.0451326177377079,171,15,0.873949579831933,0.154611211573237,152,15,0.873949579831933,0.137432188065099,0.117274812092166,0,95,0.201680672268908,0,0,97,0.184873949579832,0
"34",0.0572370815097303,86,22,0.833333333333333,0.0786825251601098,66,26,0.803030303030303,0.060384263494968,0.0455493810529192,177,12,0.909090909090909,0.161939615736505,141,16,0.878787878787879,0.12900274473925,0.121087930271773,0,108,0.181818181818182,0,0,113,0.143939393939394,0
"35",0.0603777957332905,67,30,0.781021897810219,0.0615808823529412,51,36,0.737226277372263,0.046875,0.0424154143827382,206,12,0.912408759124088,0.189338235294118,165,14,0.897810218978102,0.151654411764706,0.122390151937134,0,113,0.175182481751825,0,0,118,0.138686131386861,0
"36",0.0600288829448631,67,22,0.813559322033898,0.0605239385727191,58,26,0.779661016949153,0.0523938572719061,0.0466794493232181,171,10,0.915254237288136,0.154471544715447,133,12,0.898305084745763,0.120144534778681,0.116118376371909,0,103,0.127118644067797,0,0,106,0.101694915254237,0
"37",0.0586147586194014,69,29,0.752136752136752,0.0622743682310469,57,33,0.717948717948718,0.0514440433212996,0.046872151282969,150,12,0.897435897435897,0.135379061371841,116,17,0.854700854700855,0.104693140794224,0.112208183231053,0,88,0.247863247863248,0,0,88,0.247863247863248,0
"38",0.0507908349032654,125,17,0.871212121212121,0.114364135407136,94,19,0.856060606060606,0.0860018298261665,0.0402662184041655,224,10,0.924242424242424,0.204940530649588,190,13,0.901515151515151,0.173833485818847,0.115565884788171,0,106,0.196969696969697,0,0,109,0.174242424242424,0
"39",0.0474185671974076,158,17,0.864,0.143636363636364,124,18,0.856,0.112727272727273,0.0420747464806933,209,14,0.888,0.19,164,15,0.88,0.149090909090909,0.118101058618334,0,103,0.176,0,0,107,0.144,0
"40",0.0544991744546502,106,26,0.790322580645161,0.0962761126248865,91,30,0.758064516129032,0.0826521344232516,0.044112975496203,192,17,0.862903225806452,0.174386920980926,161,20,0.838709677419355,0.146230699364214,0.113788330586198,2,103,0.169354838709677,0.00181653042688465,1,107,0.137096774193548,0.000908265213442325
"41",0.0542809529259578,126,17,0.83,0.112,110,20,0.8,0.0977777777777778,0.045431615130379,197,8,0.92,0.175111111111111,169,10,0.9,0.150222222222222,0.107073350633593,2,83,0.17,0.00177777777777778,2,87,0.13,0.00177777777777778
"42",0.0620201850408214,56,25,0.761904761904762,0.05,48,29,0.723809523809524,0.0428571428571429,0.0479621409415949,140,14,0.866666666666667,0.125,115,15,0.857142857142857,0.102678571428571,0.110808817063216,0,89,0.152380952380952,0,0,91,0.133333333333333,0
"43",0.0558842611520086,98,18,0.848739495798319,0.0886075949367089,83,19,0.840336134453782,0.0750452079566004,0.0411793178715511,228,8,0.932773109243697,0.206148282097649,202,8,0.932773109243697,0.182640144665461,0.11573408197606,1,99,0.168067226890756,0.000904159132007233,0,100,0.159663865546218,0
"44",0.0533425029877349,95,17,0.865079365079365,0.086442220200182,71,19,0.849206349206349,0.0646041856232939,0.0480487040339249,138,13,0.896825396825397,0.125568698817106,102,14,0.888888888888889,0.0928116469517743,0.123043011908397,0,101,0.198412698412698,0,0,102,0.19047619047619,0
"45",0.0509610657818388,127,13,0.902255639097744,0.116300366300366,106,16,0.879699248120301,0.0970695970695971,0.0410395486376541,228,9,0.932330827067669,0.208791208791209,195,9,0.932330827067669,0.178571428571429,0.113355736749735,0,101,0.240601503759398,0,0,104,0.218045112781955,0
"46",0.0600867713089595,69,23,0.783018867924528,0.0616621983914209,55,30,0.716981132075472,0.0491510277033065,0.0492494863750854,138,9,0.915094339622642,0.123324396782842,111,12,0.886792452830189,0.0991957104557641,0.11293261763723,1,88,0.169811320754717,0.000893655049151028,1,90,0.150943396226415,0.000893655049151028
"47",0.0532263678429179,106,12,0.906976744186046,0.0967153284671533,87,17,0.868217054263566,0.0793795620437956,0.0406479054952919,221,9,0.930232558139535,0.201642335766423,185,10,0.922480620155039,0.168795620437956,0.117404529645037,1,107,0.170542635658915,0.000912408759124088,1,111,0.13953488372093,0.000912408759124088
"48",0.049179440001004,145,14,0.873873873873874,0.13016157989228,119,15,0.864864864864865,0.106822262118492,0.0430206688342742,205,11,0.900900900900901,0.184021543985637,174,13,0.882882882882883,0.156193895870736,0.117249439298554,0,93,0.162162162162162,0,0,95,0.144144144144144,0
"49",0.0581642767509543,77,26,0.779661016949153,0.0695573622402891,60,29,0.754237288135593,0.0542005420054201,0.0487820272212321,136,15,0.872881355932203,0.122854561878952,111,15,0.872881355932203,0.100271002710027,0.116615182678192,1,99,0.161016949152542,0.000903342366757001,1,102,0.135593220338983,0.000903342366757001
"50",0.0552835968365952,93,14,0.88135593220339,0.0840108401084011,74,17,0.855932203389831,0.0668473351400181,0.0419225334939003,223,6,0.949152542372881,0.201445347786811,186,9,0.923728813559322,0.168021680216802,0.111847346646935,1,98,0.169491525423729,0.000903342366757001,0,100,0.152542372881356,0
