"","lambda_rmse","RMSE_either_FP","RMSE_either_FN","RMSE_either_TPR","RMSE_either_TFR","RMSE_both_FP","RMSE_both_FN","RMSE_both_TPR","RMSE_both_TFR","lambda_cv_min","cv_min_either_FP","cv_min_either_FN","cv_min_either_TPR","cv_min_either_TFR","cv_min_both_FP","cv_min_both_FN","cv_min_both_TPR","cv_min_both_TFR","lambda_cv1se","cv1se_either_FP","cv1se_either_FN","cv1se_either_TPR","cv1se_either_TFR","cv1se_both_FP","cv1se_both_FN","cv1se_both_TPR","cv1se_both_TFR"
"1",0.245805414848315,12,97,0.058252427184466,0.0106951871657754,5,100,0.029126213592233,0.00445632798573975,0.207931364080311,36,88,0.145631067961165,0.0320855614973262,19,94,0.087378640776699,0.0169340463458111,0.241409286357795,13,96,0.0679611650485437,0.0115864527629234,6,100,0.029126213592233,0.0053475935828877
"2",0.240412676669554,30,108,0.129032258064516,0.0272479564032698,17,113,0.0887096774193548,0.0154405086285195,0.193108392406039,69,99,0.201612903225806,0.0626702997275204,47,105,0.153225806451613,0.0426884650317893,0.263276384400348,18,115,0.0725806451612903,0.0163487738419619,11,116,0.0645161290322581,0.00999091734786558
"3",0.247271556401493,13,120,0.0476190476190476,0.0118289353958144,8,122,0.0317460317460317,0.00727934485896269,0.198412837973377,44,108,0.142857142857143,0.0400363967242948,31,115,0.0873015873015873,0.0282074613284804,0.238419645225712,14,118,0.0634920634920635,0.0127388535031847,9,121,0.0396825396825397,0.00818926296633303
"4",0.222036293695715,41,131,0.0839160839160839,0.0378927911275416,25,133,0.0699300699300699,0.0231053604436229,0.194721545777688,74,123,0.13986013986014,0.0683918669131238,48,126,0.118881118881119,0.044362292051756,0.259131208616507,14,139,0.027972027972028,0.0129390018484288,10,142,0.00699300699300699,0.00924214417744917
"5",0.236960897557627,23,121,0.0692307692307692,0.0210045662100457,15,122,0.0615384615384615,0.0136986301369863,0.183916771272429,72,109,0.161538461538462,0.0657534246575342,44,114,0.123076923076923,0.0401826484018265,0.252103184505098,19,122,0.0615384615384615,0.017351598173516,11,124,0.0461538461538462,0.0100456621004566
"6",0.223975876267864,36,109,0.113821138211382,0.0326678765880218,23,112,0.0894308943089431,0.0208711433756806,0.205896311802789,58,104,0.154471544715447,0.0526315789473684,36,107,0.130081300813008,0.0326678765880218,0.271879831289684,12,115,0.0650406504065041,0.0108892921960073,7,118,0.040650406504065,0.00635208711433757
"7",0.217350529218638,36,95,0.166666666666667,0.0324032403240324,23,102,0.105263157894737,0.0207020702070207,0.186395125040013,74,87,0.236842105263158,0.0666066606660666,53,94,0.175438596491228,0.0477047704770477,0.260871703940357,12,104,0.087719298245614,0.0108010801080108,5,106,0.0701754385964912,0.0045004500450045
"8",0.242902257250888,16,113,0.0813008130081301,0.014519056261343,9,118,0.040650406504065,0.00816696914700544,0.200985179438081,60,97,0.211382113821138,0.0544464609800363,38,104,0.154471544715447,0.0344827586206897,0.252317130025785,11,116,0.0569105691056911,0.00998185117967332,7,119,0.032520325203252,0.00635208711433757
"9",0.242627863963429,9,125,0.0458015267175573,0.00822669104204753,5,128,0.0229007633587786,0.00457038391224863,0.205647983434273,39,116,0.114503816793893,0.0356489945155393,23,123,0.0610687022900763,0.0210237659963437,0.234726138292039,13,125,0.0458015267175573,0.0118829981718464,7,127,0.0305343511450382,0.00639853747714808
"10",0.238332955001335,18,107,0.0854700854700855,0.0162454873646209,11,109,0.0683760683760684,0.00992779783393502,0.203305050303868,47,101,0.136752136752137,0.0424187725631769,29,105,0.102564102564103,0.026173285198556,0.253494224106943,10,109,0.0683760683760684,0.00902527075812274,4,111,0.0512820512820513,0.0036101083032491
"11",0.230686070514882,26,101,0.114035087719298,0.0234023402340234,16,108,0.0526315789473684,0.0144014401440144,0.194755778719226,65,92,0.192982456140351,0.0585058505850585,41,98,0.140350877192982,0.0369036903690369,0.259721936396262,12,107,0.0614035087719298,0.0108010801080108,6,110,0.0350877192982456,0.0054005400540054
"12",0.243086588727961,22,122,0.0542635658914729,0.0200729927007299,9,123,0.0465116279069767,0.00821167883211679,0.194997745998715,59,113,0.124031007751938,0.0538321167883212,41,119,0.0775193798449612,0.0374087591240876,0.247689808009706,20,122,0.0542635658914729,0.0182481751824818,8,123,0.0465116279069767,0.0072992700729927
"13",0.228219344236797,36,92,0.0891089108910891,0.0320284697508897,23,94,0.0693069306930693,0.0204626334519573,0.191826118096751,82,84,0.168316831683168,0.0729537366548043,54,89,0.118811881188119,0.0480427046263345,0.262637523084246,17,95,0.0594059405940594,0.0151245551601423,11,98,0.0297029702970297,0.0097864768683274
"14",0.226700107780631,30,136,0.0933333333333333,0.027906976744186,16,141,0.06,0.0148837209302326,0.200492420555726,46,130,0.133333333333333,0.0427906976744186,31,136,0.0933333333333333,0.0288372093023256,0.262113843873327,12,142,0.0533333333333333,0.0111627906976744,8,145,0.0333333333333333,0.00744186046511628
"15",0.218981005342154,44,103,0.0964912280701754,0.0396039603960396,30,105,0.0789473684210526,0.027002700270027,0.196003568480201,65,99,0.131578947368421,0.0585058505850585,49,101,0.114035087719298,0.0441044104410441,0.26273351873663,21,111,0.0263157894736842,0.0189018901890189,9,114,0,0.0081008100810081
"16",0.25794751545381,17,118,0.0247933884297521,0.0153985507246377,7,119,0.0165289256198347,0.00634057971014493,0.204854721992415,53,113,0.0661157024793388,0.0480072463768116,35,116,0.0413223140495868,0.0317028985507246,0.254227507718645,17,117,0.0330578512396694,0.0153985507246377,7,119,0.0165289256198347,0.00634057971014493
"17",0.235215102441208,24,118,0.0708661417322835,0.0218579234972678,16,119,0.062992125984252,0.0145719489981785,0.185300117075727,74,113,0.110236220472441,0.0673952641165756,53,114,0.102362204724409,0.0482695810564663,0.255370781967818,13,119,0.062992125984252,0.01183970856102,7,121,0.047244094488189,0.0063752276867031
"18",0.242546691379463,24,111,0.075,0.0217194570135747,14,116,0.0333333333333333,0.0126696832579186,0.180030822065642,96,94,0.216666666666667,0.0868778280542986,62,102,0.15,0.0561085972850679,0.251746286744369,19,114,0.05,0.0171945701357466,8,118,0.0166666666666667,0.00723981900452489
"19",0.216561890622011,44,112,0.0819672131147541,0.0398912058023572,29,116,0.0491803278688525,0.0262919310970082,0.190255973310863,60,110,0.0983606557377049,0.0543970988213962,49,113,0.0737704918032787,0.0444242973708069,0.259493520614423,16,116,0.0491803278688525,0.014505893019039,8,118,0.0327868852459016,0.00725294650951949
"20",0.234796948662552,27,121,0.0692307692307692,0.0246575342465753,15,122,0.0615384615384615,0.0136986301369863,0.198373745336929,55,118,0.0923076923076923,0.0502283105022831,36,118,0.0923076923076923,0.0328767123287671,0.266292648211127,8,123,0.0538461538461538,0.00730593607305936,6,124,0.0461538461538462,0.00547945205479452
"21",0.224919312734507,32,123,0.0888888888888889,0.0293577981651376,17,128,0.0518518518518519,0.0155963302752294,0.204151017467627,45,117,0.133333333333333,0.0412844036697248,29,122,0.0962962962962963,0.026605504587156,0.249838998478059,10,129,0.0444444444444444,0.00917431192660551,6,132,0.0222222222222222,0.0055045871559633
"22",0.255958121689324,8,102,0.0555555555555556,0.00716204118173679,6,103,0.0462962962962963,0.0053715308863026,0.199700534376326,51,95,0.12037037037037,0.0456580125335721,33,97,0.101851851851852,0.0295434198746643,0.247779427358939,12,101,0.0648148148148148,0.0107430617726052,7,103,0.0462962962962963,0.0062667860340197
"23",0.231811920938539,33,126,0.0869565217391304,0.0303587856485741,21,129,0.0652173913043478,0.0193192272309108,0.205052669414108,61,117,0.152173913043478,0.0561177552897884,34,120,0.130434782608696,0.031278748850046,0.262225136264398,20,129,0.0652173913043478,0.0183992640294388,9,132,0.0434782608695652,0.00827966881324747
"24",0.229914098383362,30,111,0.125984251968504,0.0273224043715847,17,114,0.102362204724409,0.0154826958105647,0.184757263310186,76,100,0.21259842519685,0.0692167577413479,60,107,0.15748031496063,0.0546448087431694,0.268801597966221,10,119,0.062992125984252,0.00910746812386157,7,119,0.062992125984252,0.0063752276867031
"25",0.237878982644485,25,106,0.0619469026548673,0.0224820143884892,15,107,0.0530973451327434,0.0134892086330935,0.206511036823374,48,100,0.115044247787611,0.0431654676258993,29,105,0.0707964601769911,0.0260791366906475,0.266902722064292,9,107,0.0530973451327434,0.00809352517985612,6,109,0.0353982300884956,0.00539568345323741
"26",0.228297270316588,35,117,0.0487804878048781,0.0317604355716878,18,120,0.024390243902439,0.0163339382940109,0.192470559635394,69,112,0.0894308943089431,0.0626134301270417,44,113,0.0813008130081301,0.0399274047186933,0.252098325370936,18,119,0.032520325203252,0.0163339382940109,11,120,0.024390243902439,0.00998185117967332
"27",0.214523186296489,33,109,0.10655737704918,0.0299184043517679,24,114,0.0655737704918033,0.0217588395285585,0.191973990537578,65,103,0.155737704918033,0.0589301903898459,46,111,0.0901639344262295,0.0417044424297371,0.241646190012157,20,114,0.0655737704918033,0.0181323662737987,9,118,0.0327868852459016,0.00815956482320943
"28",0.205753872144027,43,100,0.180327868852459,0.0389845874886673,30,105,0.139344262295082,0.0271985494106981,0.190500349469581,60,99,0.188524590163934,0.0543970988213962,40,103,0.155737704918033,0.0362647325475975,0.258169063627122,17,113,0.0737704918032787,0.0154125113327289,10,116,0.0491803278688525,0.00906618313689937
"29",0.223359671441668,30,128,0.072463768115942,0.0275988960441582,23,132,0.0434782608695652,0.0211591536338546,0.207156291946865,48,126,0.0869565217391304,0.0441582336706532,34,129,0.0652173913043478,0.031278748850046,0.250756849217446,18,133,0.036231884057971,0.0165593376264949,8,135,0.0217391304347826,0.00735970561177553
"30",0.226364046550392,36,93,0.130841121495327,0.0322003577817531,17,97,0.0934579439252336,0.0152057245080501,0.197514594565295,69,88,0.177570093457944,0.0617173524150268,43,93,0.130841121495327,0.0384615384615385,0.273592909516811,12,101,0.0560747663551402,0.0107334525939177,7,103,0.0373831775700935,0.00626118067978533
"31",0.24519719838231,19,116,0.0491803278688525,0.0172257479601088,9,118,0.0327868852459016,0.00815956482320943,0.215976858206707,44,109,0.10655737704918,0.0398912058023572,29,113,0.0737704918032787,0.0262919310970082,0.247499735819712,18,116,0.0491803278688525,0.0163191296464189,8,118,0.0327868852459016,0.00725294650951949
"32",0.227521278699494,33,123,0.075187969924812,0.0302197802197802,22,126,0.0526315789473684,0.0201465201465201,0.186428887752517,75,112,0.157894736842105,0.0686813186813187,52,117,0.120300751879699,0.0476190476190476,0.25077495851543,20,127,0.0451127819548872,0.0183150183150183,15,129,0.0300751879699248,0.0137362637362637
"33",0.24198038144885,18,97,0.0396039603960396,0.0160142348754448,8,98,0.0297029702970297,0.00711743772241993,0.202796218791237,47,88,0.128712871287129,0.0418149466192171,32,91,0.099009900990099,0.0284697508896797,0.237308153460595,20,95,0.0594059405940594,0.0177935943060498,11,98,0.0297029702970297,0.0097864768683274
"34",0.237033943741378,19,130,0.10958904109589,0.0176088971269694,13,134,0.0821917808219178,0.0120481927710843,0.197568353134841,64,122,0.164383561643836,0.0593141797961075,36,127,0.13013698630137,0.0333642261353105,0.264005976814012,10,134,0.0821917808219178,0.0092678405931418,4,140,0.0410958904109589,0.00370713623725672
"35",0.235659557094661,29,115,0.1015625,0.0264357338195077,16,124,0.03125,0.0145852324521422,0.189501731876846,73,107,0.1640625,0.0665451230628988,51,112,0.125,0.0464904284412033,0.255676679732966,19,123,0.0390625,0.0173199635369189,8,125,0.0234375,0.0072926162260711
"36",0.218235616391163,32,117,0.078740157480315,0.029143897996357,22,122,0.0393700787401575,0.0200364298724954,0.192241024716783,58,107,0.15748031496063,0.0528233151183971,42,114,0.102362204724409,0.0382513661202186,0.245470125725081,14,122,0.0393700787401575,0.0127504553734062,8,123,0.031496062992126,0.00728597449908925
"37",0.23733538537274,17,134,0.0884353741496599,0.0157699443413729,8,140,0.0476190476190476,0.00742115027829314,0.202325740137823,44,124,0.156462585034014,0.0408163265306122,28,128,0.129251700680272,0.025974025974026,0.252890805036946,8,139,0.054421768707483,0.00742115027829314,4,142,0.0340136054421769,0.00371057513914657
"38",0.194661394235266,69,99,0.139130434782609,0.0621621621621622,57,102,0.11304347826087,0.0513513513513514,0.194580995635639,69,99,0.139130434782609,0.0621621621621622,57,102,0.11304347826087,0.0513513513513514,0.267102421459055,16,112,0.0260869565217391,0.0144144144144144,10,113,0.0173913043478261,0.00900900900900901
"39",0.213683405796936,33,125,0.100719424460432,0.0303867403314917,23,127,0.0863309352517986,0.0211786372007366,0.185667475713386,78,117,0.158273381294964,0.0718232044198895,48,121,0.129496402877698,0.0441988950276243,0.245711166288634,15,129,0.0719424460431655,0.0138121546961326,7,132,0.0503597122302158,0.00644567219152855
"40",0.224708559641199,36,102,0.105263157894737,0.0324032403240324,23,105,0.0789473684210526,0.0207020702070207,0.190119963499837,71,96,0.157894736842105,0.0639063906390639,48,99,0.131578947368421,0.0432043204320432,0.256398512664675,19,108,0.0526315789473684,0.0171017101710171,9,110,0.0350877192982456,0.0081008100810081
"41",0.239730360417741,25,116,0.072,0.0227272727272727,16,118,0.056,0.0145454545454545,0.206151379081888,47,112,0.104,0.0427272727272727,35,113,0.096,0.0318181818181818,0.266988549353799,15,118,0.056,0.0136363636363636,11,120,0.04,0.01
"42",0.228529510904088,22,116,0.09375,0.0200546946216955,10,122,0.046875,0.00911577028258888,0.1996055165042,40,108,0.15625,0.0364630811303555,29,112,0.125,0.0264357338195077,0.240661620298819,14,121,0.0546875,0.0127620783956244,6,122,0.046875,0.00546946216955333
"43",0.216944181995522,40,93,0.122641509433962,0.0357462019660411,27,95,0.10377358490566,0.0241286863270777,0.184606022840709,80,89,0.160377358490566,0.0714924039320822,58,91,0.141509433962264,0.0518319928507596,0.264118011506578,17,101,0.0471698113207547,0.0151921358355675,8,102,0.0377358490566038,0.00714924039320822
"44",0.231167896128862,25,101,0.073394495412844,0.0224014336917563,17,104,0.0458715596330275,0.0152329749103943,0.201886645781124,52,100,0.0825688073394495,0.046594982078853,33,102,0.0642201834862385,0.0295698924731183,0.261808415267565,16,105,0.036697247706422,0.014336917562724,8,107,0.018348623853211,0.00716845878136201
"45",0.233090265084034,23,127,0.0305343511450382,0.0210237659963437,14,128,0.0229007633587786,0.0127970749542962,0.189219256436758,70,108,0.175572519083969,0.0639853747714808,47,119,0.0916030534351145,0.0429616087751371,0.239462269902411,22,128,0.0229007633587786,0.020109689213894,12,128,0.0229007633587786,0.0109689213893967
"46",0.246398856453511,21,105,0.0277777777777778,0.0188003581020591,13,106,0.0185185185185185,0.0116383169203223,0.189282686031526,75,94,0.12962962962963,0.0671441360787825,46,98,0.0925925925925926,0.0411817367949866,0.26130133019884,17,105,0.0277777777777778,0.0152193375111907,10,106,0.0185185185185185,0.00895255147717099
"47",0.243578422878824,21,124,0.0461538461538462,0.0191780821917808,11,125,0.0384615384615385,0.0100456621004566,0.203646841917341,58,118,0.0923076923076923,0.0529680365296804,40,121,0.0692307692307692,0.0365296803652968,0.252323966172121,14,125,0.0384615384615385,0.0127853881278539,8,127,0.0230769230769231,0.00730593607305936
"48",0.226467416680248,35,112,0.0427350427350427,0.0315884476534296,20,115,0.0170940170940171,0.0180505415162455,0.2078543930507,53,110,0.0598290598290598,0.0478339350180505,31,114,0.0256410256410256,0.0279783393501805,0.259425636402883,15,116,0.00854700854700855,0.0135379061371841,9,116,0.00854700854700855,0.00812274368231047
"49",0.216657496972646,42,103,0.112068965517241,0.0378719567177637,22,108,0.0689655172413793,0.0198376916140667,0.203588589596832,57,99,0.146551724137931,0.0513976555455365,31,103,0.112068965517241,0.0279531109107304,0.257185071784227,14,107,0.0775862068965517,0.0126239855725879,5,110,0.0517241379310345,0.00450856627592426
"50",0.234387571975366,24,99,0.0747663551401869,0.0214669051878354,14,99,0.0747663551401869,0.0125223613595707,0.202096769076507,59,90,0.158878504672897,0.0527728085867621,36,94,0.121495327102804,0.0322003577817531,0.259040320798079,13,100,0.0654205607476635,0.0116279069767442,8,101,0.0560747663551402,0.00715563506261181
