"","lambda_rmse","RMSE_either_FP","RMSE_either_FN","RMSE_either_TPR","RMSE_either_TFR","RMSE_both_FP","RMSE_both_FN","RMSE_both_TPR","RMSE_both_TFR","lambda_cv_min","cv_min_either_FP","cv_min_either_FN","cv_min_either_TPR","cv_min_either_TFR","cv_min_both_FP","cv_min_both_FN","cv_min_both_TPR","cv_min_both_TFR","lambda_cv1se","cv1se_either_FP","cv1se_either_FN","cv1se_either_TPR","cv1se_either_TFR","cv1se_both_FP","cv1se_both_FN","cv1se_both_TPR","cv1se_both_TFR"
"1",0.0133930289146737,224,0,1,0.204379562043796,167,0,1,0.152372262773723,0.0126236210404372,253,0,1,0.230839416058394,199,0,1,0.181569343065693,0.0543030325145683,0,1,0.992248062015504,0,0,1,0.992248062015504,0
"2",0.014212974159592,190,0,1,0.173199635369189,137,0,1,0.124886052871468,0.0115946016017866,277,0,1,0.252506836827712,234,0,1,0.21330902461258,0.0544706575918302,0,0,1,0,0,0,1,0
"3",0.0153437255308481,158,0,1,0.145220588235294,122,0,1,0.112132352941176,0.0119385112596638,270,0,1,0.248161764705882,208,0,1,0.191176470588235,0.0501491851110114,0,0,1,0,0,0,1,0
"4",0.0134286243888464,218,0,1,0.197642792384406,166,0,1,0.150498640072529,0.012451263225622,258,0,1,0.233907524932004,207,0,1,0.187669990933817,0.0573369732150016,0,0,1,0,0,0,1,0
"5",0.0136796040289737,209,0,1,0.188628158844765,171,0,1,0.154332129963899,0.0121328693999993,261,0,1,0.235559566787004,216,0,1,0.194945848375451,0.058693985863724,0,2,0.982905982905983,0,0,2,0.982905982905983,0
"6",0.0141269629969153,209,0,1,0.189483227561197,166,0,1,0.150498640072529,0.0117610638482725,309,0,1,0.28014505893019,246,0,1,0.223028105167724,0.0554208615789558,0,0,1,0,0,0,1,0
"7",0.0132437077725065,257,0,1,0.234703196347032,195,0,1,0.178082191780822,0.0112530512266169,354,0,1,0.323287671232877,276,0,1,0.252054794520548,0.0566923838310277,0,0,1,0,0,1,0.992307692307692,0
"8",0.0139534778412036,219,0,1,0.196236559139785,164,0,1,0.146953405017921,0.0122387522687517,287,0,1,0.257168458781362,233,0,1,0.208781362007168,0.0597639802651858,0,0,1,0,0,2,0.981651376146789,0
"9",0.0132713411591647,231,0,1,0.210958904109589,185,0,1,0.168949771689498,0.0122067260258015,271,0,1,0.247488584474886,222,0,1,0.202739726027397,0.0538657864610522,0,0,1,0,0,1,0.992307692307692,0
"10",0.0150352499118963,173,0,1,0.155996393146979,134,0,1,0.12082957619477,0.0124911712658929,268,0,1,0.24165915238954,213,0,1,0.192064923354373,0.0563649405576464,0,1,0.991379310344828,0,0,1,0.991379310344828,0
"11",0.0138406511184783,198,0,1,0.179510426110607,157,0,1,0.14233907524932,0.0125140310695245,237,0,1,0.214868540344515,192,0,1,0.174070716228468,0.057323412069305,0,0,1,0,0,0,1,0
"12",0.0132391930434497,228,0,1,0.210332103321033,176,0,1,0.162361623616236,0.0117512467069008,289,0,1,0.266605166051661,228,0,1,0.210332103321033,0.0531686409734168,0,0,1,0,0,0,1,0
"13",0.015157850391182,141,0,1,0.128065395095368,103,0,1,0.0935513169845595,0.0126020317303216,227,0,1,0.206176203451408,177,0,1,0.160762942779292,0.0547343475087876,0,0,1,0,0,0,1,0
"14",0.012353455113209,272,0,1,0.24954128440367,209,0,1,0.191743119266055,0.0112593942036742,322,0,1,0.295412844036697,255,0,1,0.23394495412844,0.0523111118188089,0,0,1,0,0,0,1,0
"15",0.0140251028323364,190,0,1,0.173674588665448,136,0,1,0.124314442413163,0.0126382461574729,244,0,1,0.223034734917733,188,0,1,0.171846435100548,0.0564100255159767,0,1,0.99236641221374,0,0,1,0.99236641221374,0
"16",0.0124464896810021,275,0,1,0.249546279491833,208,0,1,0.188747731397459,0.0120789060854126,286,0,1,0.259528130671506,230,0,1,0.208711433756806,0.0563250477855741,0,0,1,0,0,0,1,0
"17",0.0126126397578715,259,0,1,0.237179487179487,213,0,1,0.195054945054945,0.0117048057498742,294,0,1,0.269230769230769,241,0,1,0.220695970695971,0.0530581867259551,0,0,1,0,0,0,1,0
"18",0.0132317467998432,226,0,1,0.204524886877828,185,0,1,0.167420814479638,0.0123990282386182,258,0,1,0.233484162895928,215,0,1,0.194570135746606,0.0557211814381333,0,1,0.991666666666667,0,0,1,0.991666666666667,0
"19",0.0155065535767932,151,0,1,0.13542600896861,107,0,1,0.0959641255605381,0.0125092615698624,276,0,1,0.247533632286996,213,0,1,0.191031390134529,0.0587408121774723,0,0,1,0,0,0,1,0
"20",0.0149018354001223,174,0,1,0.158614402917046,131,0,1,0.119416590701914,0.0123677126939741,275,0,1,0.250683682771194,216,0,1,0.19690063810392,0.0546485893248104,0,0,1,0,0,0,1,0
"21",0.0131654093493085,238,0,1,0.216955332725615,190,0,1,0.173199635369189,0.0119665138964692,291,0,1,0.265268915223336,234,0,1,0.21330902461258,0.0550935738912275,0,0,1,0,0,0,1,0
"22",0.0168842989731676,97,0,1,0.0866845397676497,77,0,1,0.0688114387846291,0.0136381565897577,193,0,1,0.172475424486148,149,0,1,0.133154602323503,0.0591533324867274,0,1,0.990566037735849,0,0,3,0.971698113207547,0
"23",0.013608783782152,213,0,1,0.196132596685083,170,0,1,0.156537753222836,0.0118095518374369,282,0,1,0.259668508287293,231,0,1,0.212707182320442,0.0530885638409117,0,0,1,0,0,0,1,0
"24",0.0138412346124739,194,0,1,0.176203451407811,149,0,1,0.135331516802906,0.0120637087722091,263,0,1,0.238873751135332,200,0,1,0.181653042688465,0.0538464022572956,0,0,1,0,0,0,1,0
"25",0.0144210819862297,207,0,1,0.187840290381125,164,0,1,0.148820326678766,0.0120556435715931,295,0,1,0.267695099818512,238,0,1,0.215970961887477,0.0548502623919565,0,0,1,0,0,0,1,0
"26",0.0133348666474029,219,0,1,0.202029520295203,161,0,1,0.148523985239852,0.0112877388513348,315,0,1,0.290590405904059,241,0,1,0.222324723247232,0.0489242821015691,0,0,1,0,0,0,1,0
"27",0.0132347235197138,221,0,1,0.2036866359447,168,0,1,0.154838709677419,0.0113550245010407,293,0,1,0.270046082949309,239,0,1,0.220276497695853,0.052647412251365,0,0,1,0,0,0,1,0
"28",0.0142857516238133,225,0,1,0.203252032520325,168,0,1,0.151761517615176,0.0116417712991386,315,0,1,0.284552845528455,265,0,1,0.239385727190605,0.058694246444743,0,1,0.991525423728814,0,0,1,0.991525423728814,0
"29",0.0149493889822845,159,0,1,0.142600896860987,124,0,1,0.111210762331839,0.0127090023386908,234,0,1,0.209865470852018,184,0,1,0.165022421524664,0.0589681034478055,0,3,0.972727272727273,0,0,3,0.972727272727273,0
"30",0.0132114209060745,242,0,1,0.220802919708029,180,0,1,0.164233576642336,0.0114703572703818,316,0,1,0.288321167883212,260,0,1,0.237226277372263,0.0517952643999489,0,0,1,0,0,0,1,0
"31",0.0139498082172528,213,0,1,0.193109700815956,152,0,1,0.13780598368087,0.0120633749973752,288,0,1,0.261106074342702,228,0,1,0.206708975521306,0.0555344889146102,0,1,0.991803278688525,0,0,1,0.991803278688525,0
"32",0.0149044057670728,173,0,1,0.156137184115523,127,0,1,0.114620938628159,0.0117949649082839,282,0,1,0.254512635379061,234,0,1,0.211191335740072,0.0573131261268352,0,0,1,0,0,1,0.991452991452991,0
"33",0.0139370656950203,197,0,1,0.181066176470588,159,0,1,0.146139705882353,0.0118854601334603,271,0,1,0.249080882352941,217,0,1,0.199448529411765,0.0516447964521097,0,0,1,0,0,0,1,0
"34",0.0141807783906214,197,0,1,0.178603807796918,159,0,1,0.1441523118767,0.0122936638300922,260,0,1,0.235720761559384,210,0,1,0.190389845874887,0.0562014261637193,0,1,0.991803278688525,0,0,1,0.991803278688525,0
"35",0.0141575684720034,216,0,1,0.193375111906893,174,0,1,0.155774395702775,0.0126406810448978,276,0,1,0.247090420769919,226,0,1,0.202327663384064,0.0572617960910575,0,0,1,0,0,0,1,0
"36",0.0133077757273146,220,0,1,0.200729927007299,179,0,1,0.163321167883212,0.0122326236823576,264,0,1,0.240875912408759,212,0,1,0.193430656934307,0.0543910722081348,0,1,0.992248062015504,0,0,1,0.992248062015504,0
"37",0.0137312402302474,188,0,1,0.171220400728597,147,0,1,0.133879781420765,0.0122493333818751,255,0,1,0.23224043715847,194,0,1,0.176684881602914,0.0570731310311823,0,0,1,0,0,0,1,0
"38",0.0149240892245988,154,0,1,0.138489208633094,122,0,1,0.109712230215827,0.0123429663792647,248,0,1,0.223021582733813,195,0,1,0.175359712230216,0.0594077830112371,0,1,0.991150442477876,0,0,1,0.991150442477876,0
"39",0.0139281410491163,218,0,1,0.195867026055705,174,0,1,0.15633423180593,0.0123267152311302,275,0,1,0.247079964061096,235,0,1,0.211141060197664,0.0578300762392222,0,0,1,0,0,0,1,0
"40",0.0134149817133339,224,0,1,0.204379562043796,171,0,1,0.156021897810219,0.0124449329582727,263,0,1,0.239963503649635,210,0,1,0.191605839416058,0.0562758165218669,0,0,1,0,0,0,1,0
"41",0.0148526090109311,168,0,1,0.1508078994614,125,0,1,0.112208258527828,0.012710568377617,251,0,1,0.225314183123878,195,0,1,0.175044883303411,0.0593719963256791,0,2,0.981981981981982,0,0,2,0.981981981981982,0
"42",0.0146593691033038,169,0,1,0.15391621129326,129,0,1,0.117486338797814,0.0129265235756375,237,0,1,0.215846994535519,177,0,1,0.16120218579235,0.0548750372138202,0,0,1,0,0,0,1,0
"43",0.0160236287787505,137,0,1,0.123090745732255,115,0,1,0.103324348607367,0.0125028340129148,248,0,1,0.222821203953279,203,0,1,0.182389937106918,0.0589706727438585,0,2,0.982142857142857,0,0,2,0.982142857142857,0
"44",0.0140650442291041,204,0,1,0.184782608695652,156,0,1,0.141304347826087,0.0125485017180904,260,0,1,0.235507246376812,211,0,1,0.191123188405797,0.0568119417420654,0,0,1,0,0,0,1,0
"45",0.0136314086460646,225,0,1,0.207948243992606,172,0,1,0.158964879852126,0.0111071923772014,314,0,1,0.290203327171904,255,0,1,0.235674676524954,0.0490094207117626,0,0,1,0,0,0,1,0
"46",0.0129815976726017,245,0,1,0.224358974358974,201,0,1,0.184065934065934,0.0114032718205839,307,0,1,0.281135531135531,242,0,1,0.221611721611722,0.0524930284940956,0,0,1,0,0,0,1,0
"47",0.013831688954783,215,0,1,0.194922937443336,164,0,1,0.14868540344515,0.0129835508175636,250,0,1,0.226654578422484,195,0,1,0.176790571169538,0.0572401989373269,0,2,0.983606557377049,0,0,4,0.967213114754098,0
"48",0.0127801117466892,232,0,1,0.216014897579143,192,0,1,0.17877094972067,0.0117556794185208,275,0,1,0.256052141527002,227,0,1,0.211359404096834,0.0492800467085366,0,0,1,0,0,0,1,0
"49",0.0142349030566453,200,0,1,0.179533213644524,158,0,1,0.141831238779174,0.0124632022505897,265,0,1,0.237881508078995,221,0,1,0.198384201077199,0.0579459266064501,0,0,1,0,0,0,1,0
"50",0.0147559527268737,179,0,1,0.160394265232975,135,0,1,0.120967741935484,0.0127946121825586,248,0,1,0.222222222222222,203,0,1,0.181899641577061,0.0593872433972605,0,0,1,0,0,0,1,0
