"","lambda_rmse","RMSE_either_FP","RMSE_either_FN","RMSE_either_TPR","RMSE_either_TFR","RMSE_both_FP","RMSE_both_FN","RMSE_both_TPR","RMSE_both_TFR","lambda_cv_min","cv_min_either_FP","cv_min_either_FN","cv_min_either_TPR","cv_min_either_TFR","cv_min_both_FP","cv_min_both_FN","cv_min_both_TPR","cv_min_both_TFR","lambda_cv1se","cv1se_either_FP","cv1se_either_FN","cv1se_either_TPR","cv1se_either_TFR","cv1se_both_FP","cv1se_both_FN","cv1se_both_TPR","cv1se_both_TFR"
"1",0.157842869217099,1,0,NA,0.1,0,0,NA,0,0.139214831808941,1,0,NA,0.1,1,0,NA,0.1,0.139214831808941,1,0,NA,0.1,1,0,NA,0.1
"2",0.10222622036325,3,0,NA,0.3,3,0,NA,0.3,0.0822600473846968,5,0,NA,0.5,4,0,NA,0.4,0.201569058281512,2,0,NA,0.2,2,0,NA,0.2
"3",0.196126075775668,1,1,0,0.111111111111111,1,1,0,0.111111111111111,0.10294939947097,3,0,1,0.333333333333333,3,0,1,0.333333333333333,0.198944900228354,1,1,0,0.111111111111111,1,1,0,0.111111111111111
"4",0.119912056556691,3,0,1,0.333333333333333,1,0,1,0.111111111111111,0.0907209590140102,4,0,1,0.444444444444444,3,0,1,0.333333333333333,0.197045804654862,1,0,1,0.111111111111111,1,0,1,0.111111111111111
"5",0.121884374375665,2,2,0,0.25,2,2,0,0.25,0.113179687061851,2,2,0,0.25,2,2,0,0.25,0.113179687061851,2,2,0,0.25,2,2,0,0.25
"6",0.091229866727754,6,0,NA,0.6,5,0,NA,0.5,0.1107905977941,4,0,NA,0.4,4,0,NA,0.4,0.198713331456205,1,0,NA,0.1,1,0,NA,0.1
"7",0.0700985352926275,5,0,1,0.555555555555556,4,0,1,0.444444444444444,0.12444265020426,3,1,0,0.333333333333333,2,1,0,0.222222222222222,0.183588410977818,1,1,0,0.111111111111111,1,1,0,0.111111111111111
"8",0.0616957226338133,5,0,1,0.555555555555556,4,0,1,0.444444444444444,0.106431211954722,2,1,0,0.222222222222222,2,1,0,0.222222222222222,0.182078342019294,1,1,0,0.111111111111111,1,1,0,0.111111111111111
"9",0.178267156965939,0,1,0,0,0,1,0,0,0.102818520698723,5,1,0,0.555555555555556,4,1,0,0.444444444444444,0.129536378253627,2,1,0,0.222222222222222,1,1,0,0.111111111111111
"10",0.0811979218360656,5,3,0,0.714285714285714,4,3,0,0.571428571428571,0.101667456690166,4,3,0,0.571428571428571,3,3,0,0.428571428571429,0.165658566755399,2,3,0,0.285714285714286,2,3,0,0.285714285714286
"11",0.188675731723605,0,0,1,0,0,0,1,0,0.146518532567082,2,0,1,0.222222222222222,2,0,1,0.222222222222222,0.167809679606758,0,0,1,0,0,0,1,0
"12",0.191672815838959,0,0,1,0,0,0,1,0,0.0889323155096181,6,0,1,0.666666666666667,5,0,1,0.555555555555556,0.176291289652751,1,0,1,0.111111111111111,0,0,1,0
"13",0.131062883948123,2,1,0.5,0.25,1,1,0.5,0.125,0.105483983749104,5,1,0.5,0.625,5,1,0.5,0.625,0.199287513430008,0,1,0.5,0,0,1,0.5,0
"14",0.0705291540970408,4,0,NA,0.4,4,0,NA,0.4,0.122319723012484,3,0,NA,0.3,2,0,NA,0.2,0.139254333930566,1,0,NA,0.1,1,0,NA,0.1
"15",0.0621320474819848,5,0,NA,0.5,5,0,NA,0.5,0.0942246990518782,5,0,NA,0.5,5,0,NA,0.5,0.138835291364515,3,0,NA,0.3,1,0,NA,0.1
"16",0.0662402414981496,3,0,1,0.428571428571429,3,0,1,0.428571428571429,0.105091535028907,2,1,0.666666666666667,0.285714285714286,1,1,0.666666666666667,0.142857142857143,0.165136657718357,1,1,0.666666666666667,0.142857142857143,1,1,0.666666666666667,0.142857142857143
"17",0.102998652436061,1,1,0,0.111111111111111,1,1,0,0.111111111111111,0.0912862183856115,2,1,0,0.222222222222222,1,1,0,0.111111111111111,0.127528660808662,1,1,0,0.111111111111111,1,1,0,0.111111111111111
"18",0.172339113355576,1,1,0.5,0.125,1,1,0.5,0.125,0.0728104735916289,2,0,1,0.25,1,0,1,0.125,0.181947819851936,1,1,0.5,0.125,0,1,0.5,0
"19",0.256225081760601,0,1,0,0,0,1,0,0,0.0862974398155096,4,0,1,0.444444444444444,4,0,1,0.444444444444444,0.177604744478758,0,0,1,0,0,0,1,0
"20",0.0576846314148184,9,0,NA,0.9,8,0,NA,0.8,0.0797587006655033,7,0,NA,0.7,6,0,NA,0.6,0.160881132301898,2,0,NA,0.2,1,0,NA,0.1
"21",0.111259900015999,2,0,1,0.222222222222222,1,0,1,0.111111111111111,0.0650792227422872,2,0,1,0.222222222222222,2,0,1,0.222222222222222,0.138242146857694,1,0,1,0.111111111111111,0,0,1,0
"22",0.109233908398079,2,1,0,0.222222222222222,2,1,0,0.222222222222222,0.114036618632766,2,1,0,0.222222222222222,2,1,0,0.222222222222222,0.114036618632766,2,1,0,0.222222222222222,2,1,0,0.222222222222222
"23",0.121514817736529,3,0,NA,0.3,2,0,NA,0.2,0.107552803204885,3,0,NA,0.3,3,0,NA,0.3,0.176294968415197,2,0,NA,0.2,2,0,NA,0.2
"24",0.193432246603962,1,2,0,0.125,1,2,0,0.125,0.0934657049387381,2,2,0,0.25,2,2,0,0.25,0.137218231741483,2,2,0,0.25,1,2,0,0.125
"25",0.110426403330718,2,0,NA,0.2,2,0,NA,0.2,0.0843650535334587,4,0,NA,0.4,3,0,NA,0.3,0.143044716574914,1,0,NA,0.1,1,0,NA,0.1
"26",0.150532330923947,3,0,1,0.333333333333333,2,0,1,0.222222222222222,0.0768882822615499,3,0,1,0.333333333333333,3,0,1,0.333333333333333,0.194749477102367,1,0,1,0.111111111111111,1,0,1,0.111111111111111
"27",0.161109306215363,0,2,0,0,0,2,0,0,0.112013336999452,2,1,0.5,0.25,2,1,0.5,0.25,0.133714165850495,1,1,0.5,0.125,1,1,0.5,0.125
"28",0.116140047474137,2,0,1,0.222222222222222,2,0,1,0.222222222222222,0.125855702108215,2,0,1,0.222222222222222,2,0,1,0.222222222222222,0.149472133582893,2,0,1,0.222222222222222,1,1,0,0.111111111111111
"29",0.108592124649423,1,2,0.333333333333333,0.142857142857143,1,2,0.333333333333333,0.142857142857143,0.0909123287171467,2,2,0.333333333333333,0.285714285714286,1,2,0.333333333333333,0.142857142857143,0.146507106560084,0,2,0.333333333333333,0,0,2,0.333333333333333,0
"30",0.169617405711321,0,0,NA,0,0,0,NA,0,0.143333260796576,2,0,NA,0.2,2,0,NA,0.2,0.143333260796576,2,0,NA,0.2,2,0,NA,0.2
"31",0.129260026206484,2,0,1,0.25,2,0,1,0.25,0.0812137360677805,4,0,1,0.5,4,0,1,0.5,0.27185657380665,0,0,1,0,0,1,0.5,0
"32",0.115891644483444,2,0,NA,0.2,1,0,NA,0.1,0.118294088884672,2,0,NA,0.2,0,0,NA,0,0.118294088884672,2,0,NA,0.2,0,0,NA,0
"33",0.125569861532145,1,2,0,0.125,1,2,0,0.125,0.108141676987354,2,2,0,0.25,1,2,0,0.125,0.123397781265082,1,2,0,0.125,1,2,0,0.125
"34",0.140324682884919,0,0,NA,0,0,0,NA,0,0.0944406151671272,2,0,NA,0.2,1,0,NA,0.1,0.0944406151671272,2,0,NA,0.2,1,0,NA,0.1
"35",0.111702434070524,1,0,NA,0.1,1,0,NA,0.1,0.0916963461081224,2,0,NA,0.2,1,0,NA,0.1,0.11291433142544,1,0,NA,0.1,1,0,NA,0.1
"36",0.113094750271082,4,1,0,0.444444444444444,4,1,0,0.444444444444444,0.112016929974761,4,0,1,0.444444444444444,4,1,0,0.444444444444444,0.125802035220096,4,1,0,0.444444444444444,3,1,0,0.333333333333333
"37",0.132398805139002,0,1,0,0,0,1,0,0,0.0827004336121921,1,1,0,0.111111111111111,1,1,0,0.111111111111111,0.0827004336121921,1,1,0,0.111111111111111,1,1,0,0.111111111111111
"38",0.172828717304233,2,0,NA,0.2,2,0,NA,0.2,0.0517603718675762,6,0,NA,0.6,6,0,NA,0.6,0.207930859379091,1,0,NA,0.1,1,0,NA,0.1
"39",0.124725331459727,1,1,0.5,0.125,1,2,0,0.125,0.112539420750592,1,1,0.5,0.125,1,1,0.5,0.125,0.147142019472731,1,2,0,0.125,1,2,0,0.125
"40",0.14244917122486,0,3,0.25,0,0,3,0.25,0,0.0964654979071048,0,3,0.25,0,0,3,0.25,0,0.115626017622214,0,3,0.25,0,0,3,0.25,0
"41",0.186305565276541,2,1,0,0.222222222222222,2,1,0,0.222222222222222,0.0931671411954592,3,1,0,0.333333333333333,3,1,0,0.333333333333333,0.214792967492976,2,1,0,0.222222222222222,2,1,0,0.222222222222222
"42",0.0816236236288019,2,0,1,0.222222222222222,2,0,1,0.222222222222222,0.126988205023983,1,0,1,0.111111111111111,1,1,0,0.111111111111111,0.126988205023983,1,0,1,0.111111111111111,1,1,0,0.111111111111111
"43",0.0797352996049694,5,0,NA,0.5,5,0,NA,0.5,0.121723036018221,2,0,NA,0.2,2,0,NA,0.2,0.121723036018221,2,0,NA,0.2,2,0,NA,0.2
"44",0.0949201517320997,5,0,NA,0.5,4,0,NA,0.4,0.0853150403086206,5,0,NA,0.5,5,0,NA,0.5,0.184539446699937,2,0,NA,0.2,2,0,NA,0.2
"45",0.119571958180361,2,1,0,0.222222222222222,2,1,0,0.222222222222222,0.106033068012115,3,1,0,0.333333333333333,2,1,0,0.222222222222222,0.106033068012115,3,1,0,0.333333333333333,2,1,0,0.222222222222222
"46",0.0807986573549428,4,0,NA,0.4,4,0,NA,0.4,0.0952499496453386,3,0,NA,0.3,3,0,NA,0.3,0.131040098504146,3,0,NA,0.3,1,0,NA,0.1
"47",0.106777746169532,3,1,0.5,0.375,3,1,0.5,0.375,0.101770892687787,3,1,0.5,0.375,3,1,0.5,0.375,0.146827031438471,1,2,0,0.125,1,2,0,0.125
"48",0.134243514995926,4,1,0,0.444444444444444,4,1,0,0.444444444444444,0.0679408945964307,8,1,0,0.888888888888889,8,1,0,0.888888888888889,0.169938220664291,1,1,0,0.111111111111111,1,1,0,0.111111111111111
"49",0.130365319256259,2,0,NA,0.2,2,0,NA,0.2,0.0902374365446685,3,0,NA,0.3,3,0,NA,0.3,0.167503423772158,1,0,NA,0.1,1,0,NA,0.1
"50",0.182914741409198,2,2,0.333333333333333,0.285714285714286,1,2,0.333333333333333,0.142857142857143,0.0883239168637667,5,1,0.666666666666667,0.714285714285714,5,1,0.666666666666667,0.714285714285714,0.198615252485469,1,2,0.333333333333333,0.142857142857143,1,2,0.333333333333333,0.142857142857143
