"","lambda_rmse","RMSE_either_FP","RMSE_either_FN","RMSE_either_TPR","RMSE_either_TFR","RMSE_both_FP","RMSE_both_FN","RMSE_both_TPR","RMSE_both_TFR","lambda_cv_min","cv_min_either_FP","cv_min_either_FN","cv_min_either_TPR","cv_min_either_TFR","cv_min_both_FP","cv_min_both_FN","cv_min_both_TPR","cv_min_both_TFR","lambda_cv1se","cv1se_either_FP","cv1se_either_FN","cv1se_either_TPR","cv1se_either_TFR","cv1se_both_FP","cv1se_both_FN","cv1se_both_TPR","cv1se_both_TFR"
"1",0.045950144258253,3,0,NA,0.3,3,0,NA,0.3,0.0288096862082888,5,0,NA,0.5,5,0,NA,0.5,0.0609714649669357,2,0,NA,0.2,2,0,NA,0.2
"2",0.0420757703327933,2,0,NA,0.2,2,0,NA,0.2,0.028386016977612,3,0,NA,0.3,3,0,NA,0.3,0.05394738123474,1,0,NA,0.1,1,0,NA,0.1
"3",0.02986717305991,2,0,NA,0.2,2,0,NA,0.2,0.0322213779416443,1,0,NA,0.1,1,0,NA,0.1,0.0322213779416443,1,0,NA,0.1,1,0,NA,0.1
"4",0.0738549525590049,0,1,0.5,0,0,1,0.5,0,0.0274552236556785,3,0,1,0.375,3,0,1,0.375,0.053837451103498,0,1,0.5,0,0,1,0.5,0
"5",0.0287191024539579,3,0,NA,0.3,2,0,NA,0.2,0.0345187958657354,2,0,NA,0.2,2,0,NA,0.2,0.0538876019856824,2,0,NA,0.2,2,0,NA,0.2
"6",0.0328848300246985,4,0,NA,0.4,3,0,NA,0.3,0.0355126451133663,3,0,NA,0.3,3,0,NA,0.3,0.0556511000751373,2,0,NA,0.2,2,0,NA,0.2
"7",0.034710581045075,1,0,1,0.111111111111111,1,0,1,0.111111111111111,0.0269541597033016,4,0,1,0.444444444444444,3,0,1,0.333333333333333,0.0763237053919114,0,0,1,0,0,0,1,0
"8",0.0459130972942086,2,0,NA,0.2,2,0,NA,0.2,0.0219967130620556,5,0,NA,0.5,5,0,NA,0.5,0.0574313783352066,1,0,NA,0.1,1,0,NA,0.1
"9",0.0358480263335924,1,0,1,0.111111111111111,1,0,1,0.111111111111111,0.0481036894352502,0,0,1,0,0,0,1,0,0.0481036894352502,0,0,1,0,0,0,1,0
"10",0.0517583004605682,2,0,NA,0.2,2,0,NA,0.2,0.0204256793355225,4,0,NA,0.4,4,0,NA,0.4,0.0507473664329355,2,0,NA,0.2,2,0,NA,0.2
"11",0.0359280531836793,3,0,1,0.375,3,0,1,0.375,0.0261767078528013,4,0,1,0.5,4,0,1,0.5,0.0608429456305501,1,1,0.5,0.125,1,1,0.5,0.125
"12",0.0438887936869182,0,0,1,0,0,0,1,0,0.0418791653380856,0,0,1,0,0,0,1,0,0.0418791653380856,0,0,1,0,0,0,1,0
"13",0.0414922154664332,3,0,1,0.333333333333333,3,0,1,0.333333333333333,0.0220340860547334,5,0,1,0.555555555555556,5,0,1,0.555555555555556,0.0710046352350769,1,1,0,0.111111111111111,1,1,0,0.111111111111111
"14",0.0328341839978928,1,0,1,0.125,1,0,1,0.125,0.0332114549573151,1,0,1,0.125,1,0,1,0.125,0.093324130282212,0,1,0.5,0,0,1,0.5,0
"15",0.0284576233290866,0,0,NA,0,0,0,NA,0,0.0184066783445633,1,0,NA,0.1,1,0,NA,0.1,0.0184066783445633,1,0,NA,0.1,1,0,NA,0.1
"16",0.0190481905939949,6,0,NA,0.6,6,0,NA,0.6,0.036791267163315,1,0,NA,0.1,1,0,NA,0.1,0.036791267163315,1,0,NA,0.1,1,0,NA,0.1
"17",0.0350344820288322,1,1,0,0.111111111111111,0,1,0,0,0.0319921324398811,2,1,0,0.222222222222222,2,1,0,0.222222222222222,0.0319921324398811,2,1,0,0.222222222222222,2,1,0,0.222222222222222
"18",0.0270042128636573,7,0,1,0.777777777777778,6,0,1,0.666666666666667,0.0195088235340469,8,0,1,0.888888888888889,8,0,1,0.888888888888889,0.0618858663193689,1,1,0,0.111111111111111,1,1,0,0.111111111111111
"19",0.0478967023329088,0,0,1,0,0,0,1,0,0.028038443926394,3,0,1,0.333333333333333,3,0,1,0.333333333333333,0.0602960642706748,0,0,1,0,0,0,1,0
"20",0.0415157645867123,2,1,0,0.222222222222222,1,1,0,0.111111111111111,0.0399485171359795,2,1,0,0.222222222222222,1,1,0,0.111111111111111,0.0409512631796417,2,1,0,0.222222222222222,1,1,0,0.111111111111111
"21",0.0596460974510286,1,0,NA,0.1,1,0,NA,0.1,0.0288687718093899,5,0,NA,0.5,5,0,NA,0.5,0.0512360794557639,1,0,NA,0.1,1,0,NA,0.1
"22",0.0570526746940541,2,0,1,0.222222222222222,2,0,1,0.222222222222222,0.0255374682139911,4,0,1,0.444444444444444,4,0,1,0.444444444444444,0.0537348044383226,2,0,1,0.222222222222222,2,0,1,0.222222222222222
"23",0.0115357706272834,6,0,1,0.857142857142857,6,0,1,0.857142857142857,0.0295560107926111,4,1,0.666666666666667,0.571428571428571,4,1,0.666666666666667,0.571428571428571,0.0796359225512464,0,1,0.666666666666667,0,0,2,0.333333333333333,0
"24",0.0432578056923636,0,0,1,0,0,0,1,0,0.0381101765199054,1,0,1,0.125,1,0,1,0.125,0.0627942934660169,0,1,0.5,0,0,1,0.5,0
"25",0.0456074254932805,4,0,1,0.444444444444444,4,0,1,0.444444444444444,0.0176441820056301,6,0,1,0.666666666666667,6,0,1,0.666666666666667,0.068174500544207,1,1,0,0.111111111111111,1,1,0,0.111111111111111
"26",0.0197177123667603,5,0,1,0.625,5,0,1,0.625,0.0331451863278879,4,0,1,0.5,4,0,1,0.5,0.0605702605898175,0,1,0.5,0,0,1,0.5,0
"27",0.0258601349501284,4,0,1,0.571428571428571,4,0,1,0.571428571428571,0.0092057246391229,6,0,1,0.857142857142857,6,0,1,0.857142857142857,0.100567655065647,0,2,0.333333333333333,0,0,2,0.333333333333333,0
"28",0.0431517034858033,1,0,1,0.125,1,0,1,0.125,0.0229386217780654,4,0,1,0.5,4,0,1,0.5,0.0745127048783457,0,0,1,0,0,0,1,0
"29",0.0271420745837513,6,0,NA,0.6,6,0,NA,0.6,0.0193315723850604,6,0,NA,0.6,6,0,NA,0.6,0.0876182317355524,2,0,NA,0.2,1,0,NA,0.1
"30",0.0599179508525941,1,1,0.5,0.125,0,1,0.5,0,0.0301990097422789,3,0,1,0.375,3,0,1,0.375,0.061796088734436,0,1,0.5,0,0,1,0.5,0
"31",0.0432846347708399,1,0,1,0.125,1,0,1,0.125,0.0326510140346757,4,0,1,0.5,4,0,1,0.5,0.0927480970286717,0,0,1,0,0,0,1,0
"32",0.0405775592302066,2,0,NA,0.2,2,0,NA,0.2,0.0302594142288859,3,0,NA,0.3,2,0,NA,0.2,0.0462759789697344,2,0,NA,0.2,2,0,NA,0.2
"33",0.0438089069207764,0,0,1,0,0,0,1,0,0.029488548738764,3,0,1,0.333333333333333,3,0,1,0.333333333333333,0.0612324068999881,0,0,1,0,0,0,1,0
"34",0.0324912229350245,0,0,NA,0,0,0,NA,0,0.0195096477022439,3,0,NA,0.3,3,0,NA,0.3,0.0195096477022439,3,0,NA,0.3,3,0,NA,0.3
"35",0.012035918723669,4,0,1,0.5,4,0,1,0.5,0.0247243508067644,4,0,1,0.5,4,0,1,0.5,0.0924450243405459,0,0,1,0,0,1,0.5,0
"36",0.0329964800509167,5,0,NA,0.5,5,0,NA,0.5,0.0359058260501047,5,0,NA,0.5,5,0,NA,0.5,0.0532189060671301,2,0,NA,0.2,2,0,NA,0.2
"37",0.0492970764519243,1,0,NA,0.1,1,0,NA,0.1,0.0391251672163022,2,0,NA,0.2,2,0,NA,0.2,0.0391251672163022,2,0,NA,0.2,2,0,NA,0.2
"38",0.0413599566452242,3,0,NA,0.3,3,0,NA,0.3,0.0366316879320354,3,0,NA,0.3,3,0,NA,0.3,0.0455949198500147,1,0,NA,0.1,1,0,NA,0.1
"39",0.0288637415651748,6,0,NA,0.6,6,0,NA,0.6,0.0250354374070351,6,0,NA,0.6,6,0,NA,0.6,0.0603695695025965,1,0,NA,0.1,1,0,NA,0.1
"40",0.0433885929392011,0,0,1,0,0,0,1,0,0.0205446972693521,1,0,1,0.111111111111111,1,0,1,0.111111111111111,0.0540786081581704,0,0,1,0,0,0,1,0
"41",0.0121318015505977,4,0,1,0.666666666666667,4,0,1,0.666666666666667,0.0194412805743817,4,0,1,0.666666666666667,4,0,1,0.666666666666667,0.11838114845164,0,3,0.25,0,0,3,0.25,0
"42",0.00453713173129244,7,0,1,1,7,0,1,1,0.0134224513188417,4,0,1,0.571428571428571,4,0,1,0.571428571428571,0.0908122644792745,1,1,0.666666666666667,0.142857142857143,1,1,0.666666666666667,0.142857142857143
"43",0.0221010853854385,4,0,1,0.444444444444444,4,0,1,0.444444444444444,0.0175299842495335,5,0,1,0.555555555555556,4,0,1,0.444444444444444,0.0923750627517412,0,0,1,0,0,0,1,0
"44",0.0301142803919367,2,0,NA,0.2,2,0,NA,0.2,0.0272628612343548,2,0,NA,0.2,2,0,NA,0.2,0.0361829289987983,1,0,NA,0.1,1,0,NA,0.1
"45",0.0628275344039702,1,0,1,0.111111111111111,1,0,1,0.111111111111111,0.0310665557222135,3,0,1,0.333333333333333,3,0,1,0.333333333333333,0.058212659549081,1,0,1,0.111111111111111,1,0,1,0.111111111111111
"46",0.041255692892603,1,0,1,0.125,1,0,1,0.125,0.023327407478924,3,0,1,0.375,3,0,1,0.375,0.0704334101603394,0,1,0.5,0,0,1,0.5,0
"47",0.0362388043435423,3,0,1,0.428571428571429,3,0,1,0.428571428571429,0.019334815196215,5,0,1,0.714285714285714,5,0,1,0.714285714285714,0.0916749403951789,0,2,0.333333333333333,0,0,2,0.333333333333333,0
"48",0.0351583869559588,2,0,1,0.222222222222222,1,0,1,0.111111111111111,0.028328608506513,4,0,1,0.444444444444444,4,0,1,0.444444444444444,0.0653577428198457,0,0,1,0,0,0,1,0
"49",0.0236002798098982,3,0,1,0.333333333333333,2,0,1,0.222222222222222,0.0270528356184643,2,0,1,0.222222222222222,2,0,1,0.222222222222222,0.0566557458378489,1,0,1,0.111111111111111,1,0,1,0.111111111111111
"50",0.0318289440860538,5,0,1,0.555555555555556,5,0,1,0.555555555555556,0.0139356065413012,8,0,1,0.888888888888889,8,0,1,0.888888888888889,0.0741603457255525,0,0,1,0,0,0,1,0
