"","lambda_rmse","RMSE_either_FP","RMSE_either_FN","RMSE_either_TPR","RMSE_either_TFR","RMSE_both_FP","RMSE_both_FN","RMSE_both_TPR","RMSE_both_TFR","lambda_cv_min","cv_min_either_FP","cv_min_either_FN","cv_min_either_TPR","cv_min_either_TFR","cv_min_both_FP","cv_min_both_FN","cv_min_both_TPR","cv_min_both_TFR","lambda_cv1se","cv1se_either_FP","cv1se_either_FN","cv1se_either_TPR","cv1se_either_TFR","cv1se_both_FP","cv1se_both_FN","cv1se_both_TPR","cv1se_both_TFR"
"1",0.119542178891399,5,1,0.666666666666667,0.714285714285714,3,1,0.666666666666667,0.428571428571429,0.127511916897584,4,1,0.666666666666667,0.571428571428571,3,1,0.666666666666667,0.428571428571429,0.403624378329351,2,1,0.666666666666667,0.285714285714286,2,2,0.333333333333333,0.285714285714286
"2",0.236387981645312,4,2,0.333333333333333,0.571428571428571,3,3,0,0.428571428571429,0.308580459253862,4,3,0,0.571428571428571,3,3,0,0.428571428571429,0.510027930163969,2,3,0,0.285714285714286,1,3,0,0.142857142857143
"3",0.239489114226958,5,0,NA,0.5,4,0,NA,0.4,0.382695358089146,3,0,NA,0.3,2,0,NA,0.2,0.521672841542408,2,0,NA,0.2,1,0,NA,0.1
"4",0.529730944290227,2,0,NA,0.2,2,0,NA,0.2,0.498222296210087,3,0,NA,0.3,2,0,NA,0.2,0.593206958439889,2,0,NA,0.2,1,0,NA,0.1
"5",0.324984742848705,3,2,0.333333333333333,0.428571428571429,1,3,0,0.142857142857143,0.279753351933623,3,2,0.333333333333333,0.428571428571429,1,3,0,0.142857142857143,0.31893383150797,3,2,0.333333333333333,0.428571428571429,1,3,0,0.142857142857143
"6",0.0945862846178444,7,0,1,0.777777777777778,5,0,1,0.555555555555556,0.238321410140438,3,0,1,0.333333333333333,2,1,0,0.222222222222222,0.402068145890526,2,1,0,0.222222222222222,1,1,0,0.111111111111111
"7",0.39394063171841,2,3,0,0.285714285714286,0,3,0,0,0.3000753992187,3,2,0.333333333333333,0.428571428571429,2,3,0,0.285714285714286,0.444374025228172,2,3,0,0.285714285714286,0,3,0,0
"8",0.478513244292028,2,1,0,0.222222222222222,0,1,0,0,0.410370643671431,3,1,0,0.333333333333333,2,1,0,0.222222222222222,0.45098375902424,2,1,0,0.222222222222222,0,1,0,0
"9",0.397848341579994,2,1,0,0.222222222222222,0,1,0,0,0.318460429694508,4,1,0,0.444444444444444,0,1,0,0,0.34490312598129,4,1,0,0.444444444444444,0,1,0,0
"10",0.219730807057924,6,1,0,0.666666666666667,5,1,0,0.555555555555556,0.322567166580418,3,1,0,0.333333333333333,3,1,0,0.333333333333333,0.499318327744637,2,1,0,0.222222222222222,1,1,0,0.111111111111111
"11",0.574798979582769,0,2,0,0,0,2,0,0,0.392339337681972,4,2,0,0.5,2,2,0,0.25,0.474457299083135,3,2,0,0.375,1,2,0,0.125
"12",0.25968034295758,2,1,0,0.222222222222222,1,1,0,0.111111111111111,0.264246312487562,2,1,0,0.222222222222222,1,1,0,0.111111111111111,0.39391999816762,1,1,0,0.111111111111111,1,1,0,0.111111111111111
"13",0.500196235846374,1,1,0,0.111111111111111,1,1,0,0.111111111111111,0.245182048908085,3,1,0,0.333333333333333,3,1,0,0.333333333333333,0.392609521722332,2,1,0,0.222222222222222,1,1,0,0.111111111111111
"14",0.362469227890734,2,0,1,0.25,0,1,0.5,0,0.262855552227467,3,0,1,0.375,1,0,1,0.125,0.407604796273883,2,0,1,0.25,0,2,0,0
"15",0.422284564281524,1,1,0.5,0.125,0,2,0,0,0.410520133371034,1,1,0.5,0.125,0,2,0,0,0.410520133371034,1,1,0.5,0.125,0,2,0,0
"16",0.302093818030346,3,1,0.666666666666667,0.428571428571429,2,2,0.333333333333333,0.285714285714286,0.367420267377958,3,1,0.666666666666667,0.428571428571429,0,3,0,0,0.451036959980571,1,2,0.333333333333333,0.142857142857143,0,3,0,0
"17",0.187898651427321,6,1,0,0.666666666666667,5,1,0,0.555555555555556,0.255904154813485,5,1,0,0.555555555555556,5,1,0,0.555555555555556,0.386019663624298,2,1,0,0.222222222222222,2,1,0,0.222222222222222
"18",0.438058976642617,1,1,0.5,0.125,1,2,0,0.125,0.470065548907129,1,1,0.5,0.125,1,2,0,0.125,0.470065548907129,1,1,0.5,0.125,1,2,0,0.125
"19",0.218295471121145,4,2,0,0.5,3,2,0,0.375,0.286109065445547,3,2,0,0.375,2,2,0,0.25,0.359514515116357,3,2,0,0.375,2,2,0,0.25
"20",0.0877810594698193,7,1,0,0.777777777777778,4,1,0,0.444444444444444,0.191932141620781,3,1,0,0.333333333333333,3,1,0,0.333333333333333,0.240213932665391,2,1,0,0.222222222222222,2,1,0,0.222222222222222
"21",0.386069970857197,0,1,0,0,0,1,0,0,0.259156726707635,2,0,1,0.222222222222222,2,1,0,0.222222222222222,0.259156726707635,2,0,1,0.222222222222222,2,1,0,0.222222222222222
"22",0.226701175336179,3,1,0,0.333333333333333,2,1,0,0.222222222222222,0.234475754928951,3,1,0,0.333333333333333,2,1,0,0.222222222222222,0.355587038741135,1,1,0,0.111111111111111,1,1,0,0.111111111111111
"23",0.486538366051601,1,0,NA,0.1,0,0,NA,0,0.237243995527254,5,0,NA,0.5,3,0,NA,0.3,0.485622712767069,1,0,NA,0.1,0,0,NA,0
"24",0.275663610646421,3,1,0.5,0.375,2,2,0,0.25,0.242815679908599,3,1,0.5,0.375,3,1,0.5,0.375,0.313533599779608,2,2,0,0.25,2,2,0,0.25
"25",0.191935853994612,4,2,0.333333333333333,0.571428571428571,3,2,0.333333333333333,0.428571428571429,0.265086481908403,4,2,0.333333333333333,0.571428571428571,2,2,0.333333333333333,0.285714285714286,0.471656421257487,2,2,0.333333333333333,0.285714285714286,1,2,0.333333333333333,0.142857142857143
"26",0.255826509136414,4,0,NA,0.4,4,0,NA,0.4,0.205498997982822,4,0,NA,0.4,4,0,NA,0.4,0.267614119509622,4,0,NA,0.4,4,0,NA,0.4
"27",0.386929895136624,4,0,NA,0.4,3,0,NA,0.3,0.448545621826403,4,0,NA,0.4,2,0,NA,0.2,0.518252268629148,3,0,NA,0.3,0,0,NA,0
"28",0.433222271301281,1,0,NA,0.1,1,0,NA,0.1,0.363006914017168,1,0,NA,0.1,1,0,NA,0.1,0.425651382726452,1,0,NA,0.1,1,0,NA,0.1
"29",0.42875135086856,3,0,NA,0.3,2,0,NA,0.2,0.398004503428716,3,0,NA,0.3,2,0,NA,0.2,0.478984749788941,3,0,NA,0.3,1,0,NA,0.1
"30",0.171257434446948,4,1,0.666666666666667,0.571428571428571,2,1,0.666666666666667,0.285714285714286,0.315568447379434,1,2,0.333333333333333,0.142857142857143,1,2,0.333333333333333,0.142857142857143,0.340739117950089,1,2,0.333333333333333,0.142857142857143,1,2,0.333333333333333,0.142857142857143
"31",0.315765808172367,2,2,0,0.25,2,2,0,0.25,0.329535115560312,1,2,0,0.125,1,2,0,0.125,0.407138023314676,1,2,0,0.125,1,2,0,0.125
"32",0.410137514324666,2,0,NA,0.2,1,0,NA,0.1,0.133002757131426,8,0,NA,0.8,5,0,NA,0.5,0.255254821540345,6,0,NA,0.6,3,0,NA,0.3
"33",0.456849609510942,1,1,0.5,0.125,0,2,0,0,0.329796144528321,2,1,0.5,0.25,1,1,0.5,0.125,0.393750926506796,2,1,0.5,0.25,0,1,0.5,0
"34",0.262520793415202,2,1,0.5,0.25,2,1,0.5,0.25,0.211487013333012,2,1,0.5,0.25,2,1,0.5,0.25,0.418259661874951,1,1,0.5,0.125,1,1,0.5,0.125
"35",0.246654201146171,3,0,NA,0.3,2,0,NA,0.2,0.247427568508445,3,0,NA,0.3,2,0,NA,0.2,0.391491885173067,1,0,NA,0.1,1,0,NA,0.1
"36",0.29515201781064,5,1,0,0.555555555555556,3,1,0,0.333333333333333,0.124254663726089,5,0,1,0.555555555555556,5,0,1,0.555555555555556,0.406702001245907,5,1,0,0.555555555555556,2,1,0,0.222222222222222
"37",0.388909370524634,1,1,0.5,0.125,1,2,0,0.125,0.341719199369119,1,1,0.5,0.125,1,2,0,0.125,0.341719199369119,1,1,0.5,0.125,1,2,0,0.125
"38",0.333392819388821,2,1,0,0.222222222222222,2,1,0,0.222222222222222,0.333132048146286,2,1,0,0.222222222222222,2,1,0,0.222222222222222,0.439571306971014,2,1,0,0.222222222222222,1,1,0,0.111111111111111
"39",0.262118577701606,5,2,0,0.625,2,2,0,0.25,0.367559312896282,2,2,0,0.25,1,2,0,0.125,0.422919350836344,2,2,0,0.25,1,2,0,0.125
"40",0.152344990497978,7,1,0,0.777777777777778,7,1,0,0.777777777777778,0.528437932581223,2,1,0,0.222222222222222,0,1,0,0,0.528437932581223,2,1,0,0.222222222222222,0,1,0,0
"41",0.67175508498147,1,0,NA,0.1,0,0,NA,0,0.454739838362925,4,0,NA,0.4,1,0,NA,0.1,0.534155632368561,2,0,NA,0.2,0,0,NA,0
"42",0.443307692016439,2,1,0,0.222222222222222,0,1,0,0,0.312151511119904,3,1,0,0.333333333333333,1,1,0,0.111111111111111,0.312151511119904,3,1,0,0.333333333333333,1,1,0,0.111111111111111
"43",0.331577374548469,2,0,NA,0.2,1,0,NA,0.1,0.239155266603566,3,0,NA,0.3,2,0,NA,0.2,0.330561295348336,2,0,NA,0.2,1,0,NA,0.1
"44",0.264509860706102,4,1,0.5,0.5,4,1,0.5,0.5,0.482624287270174,2,2,0,0.25,0,2,0,0,0.482624287270174,2,2,0,0.25,0,2,0,0
"45",0.254043511641457,4,0,NA,0.4,2,0,NA,0.2,0.433886022171933,2,0,NA,0.2,2,0,NA,0.2,0.490518856221411,2,0,NA,0.2,1,0,NA,0.1
"46",0.342557394966958,2,2,0,0.25,0,2,0,0,0.297747319932806,3,2,0,0.375,0,2,0,0,0.297747319932806,3,2,0,0.375,0,2,0,0
"47",0.506924014640737,1,1,0,0.111111111111111,0,1,0,0,0.386246983255799,4,1,0,0.444444444444444,0,1,0,0,0.423124945398862,1,1,0,0.111111111111111,0,1,0,0
"48",0.481746538283894,2,1,0,0.222222222222222,0,1,0,0,0.418461587853145,3,1,0,0.333333333333333,1,1,0,0.111111111111111,0.51879658343701,2,1,0,0.222222222222222,0,1,0,0
"49",0.263498258014783,5,1,0,0.555555555555556,4,1,0,0.444444444444444,0.352958146040186,4,1,0,0.444444444444444,4,1,0,0.444444444444444,0.489107208325064,1,1,0,0.111111111111111,1,1,0,0.111111111111111
"50",0.470915415680998,0,0,1,0,0,0,1,0,0.321300206746643,2,0,1,0.222222222222222,0,0,1,0,0.428826284732852,0,0,1,0,0,0,1,0
