"","lambda_rmse","RMSE_either_FP","RMSE_either_FN","RMSE_either_TPR","RMSE_either_TFR","RMSE_both_FP","RMSE_both_FN","RMSE_both_TPR","RMSE_both_TFR","lambda_cv_min","cv_min_either_FP","cv_min_either_FN","cv_min_either_TPR","cv_min_either_TFR","cv_min_both_FP","cv_min_both_FN","cv_min_both_TPR","cv_min_both_TFR","lambda_cv1se","cv1se_either_FP","cv1se_either_FN","cv1se_either_TPR","cv1se_either_TFR","cv1se_both_FP","cv1se_both_FN","cv1se_both_TPR","cv1se_both_TFR"
"1",0.0139012321160942,1,0,1,0.125,1,0,1,0.125,0.0118116476931005,1,0,1,0.125,1,0,1,0.125,0.0562501391801409,0,0,1,0,0,0,1,0
"2",0.00778123700047444,2,0,NA,0.2,2,0,NA,0.2,0.00788090338357197,2,0,NA,0.2,2,0,NA,0.2,0.00788090338357197,2,0,NA,0.2,2,0,NA,0.2
"3",0.0125634291547606,2,0,1,0.222222222222222,2,0,1,0.222222222222222,0.0102497113863876,4,0,1,0.444444444444444,3,0,1,0.333333333333333,0.0418038111557937,0,0,1,0,0,0,1,0
"4",0.00730628397705504,3,0,1,0.428571428571429,3,0,1,0.428571428571429,0.010733933196872,1,0,1,0.142857142857143,0,0,1,0,0.0891223147411373,0,1,0.666666666666667,0,0,2,0.333333333333333,0
"5",0.00973992510220593,4,0,1,0.5,4,0,1,0.5,0.00554538858525259,5,0,1,0.625,5,0,1,0.625,0.0723270399839409,0,0,1,0,0,0,1,0
"6",0.0115402676752726,0,0,1,0,0,0,1,0,0.00664496740640818,3,0,1,0.375,3,0,1,0.375,0.0619689654804561,0,0,1,0,0,0,1,0
"7",0.0135010381010422,1,0,1,0.125,1,0,1,0.125,0.00912319922799654,2,0,1,0.25,2,0,1,0.25,0.0635695123251079,0,0,1,0,0,0,1,0
"8",0.013261186913534,1,0,1,0.111111111111111,1,0,1,0.111111111111111,0.00734569794904962,4,0,1,0.444444444444444,4,0,1,0.444444444444444,0.0433986735961077,0,0,1,0,0,0,1,0
"9",0.00980662101283998,3,0,NA,0.3,3,0,NA,0.3,0.0121618955500604,1,0,NA,0.1,1,0,NA,0.1,0.0121618955500604,1,0,NA,0.1,1,0,NA,0.1
"10",0.0110983839926749,4,0,1,0.444444444444444,3,0,1,0.333333333333333,0.00930960276019727,4,0,1,0.444444444444444,4,0,1,0.444444444444444,0.045627380851627,0,0,1,0,0,0,1,0
"11",0.0152015620091604,1,0,NA,0.1,1,0,NA,0.1,0.0144428150873495,1,0,NA,0.1,1,0,NA,0.1,0.0144428150873495,1,0,NA,0.1,1,0,NA,0.1
"12",0.0110974552554449,5,0,1,0.625,2,0,1,0.25,0.00589761421615973,5,0,1,0.625,5,0,1,0.625,0.0570506327535093,0,0,1,0,0,0,1,0
"13",0.0106097677490417,1,0,1,0.111111111111111,1,0,1,0.111111111111111,0.0122101648879947,1,0,1,0.111111111111111,1,0,1,0.111111111111111,0.0367166943890224,0,0,1,0,0,0,1,0
"14",0.00592541645529498,3,0,1,0.375,3,0,1,0.375,0.00807682940771738,2,0,1,0.25,2,0,1,0.25,0.0587500216440223,0,0,1,0,0,0,1,0
"15",0.00540901243268744,4,0,1,0.444444444444444,4,0,1,0.444444444444444,0.00747633271496692,3,0,1,0.333333333333333,3,0,1,0.333333333333333,0.0367798377245606,0,0,1,0,0,0,1,0
"16",0.0164839165548058,0,0,1,0,0,0,1,0,0.00839599075815753,2,0,1,0.285714285714286,2,0,1,0.285714285714286,0.0669976250155303,0,0,1,0,0,0,1,0
"17",0.00507868510440722,5,0,1,0.625,4,0,1,0.5,0.00775184826918426,4,0,1,0.5,4,0,1,0.5,0.0775067172234911,0,0,1,0,0,0,1,0
"18",0.00526362713697628,7,0,NA,0.7,7,0,NA,0.7,0.00978209598351601,5,0,NA,0.5,5,0,NA,0.5,0.0195523426861531,1,0,NA,0.1,1,0,NA,0.1
"19",0.0127990057545792,1,0,NA,0.1,1,0,NA,0.1,0.00884979313579341,1,0,NA,0.1,1,0,NA,0.1,0.010823052190293,1,0,NA,0.1,1,0,NA,0.1
"20",0.00999260205060316,5,0,1,0.555555555555556,5,0,1,0.555555555555556,0.0071419402181743,5,0,1,0.555555555555556,5,0,1,0.555555555555556,0.0429261095388389,0,0,1,0,0,0,1,0
"21",0.0114829002910467,0,0,1,0,0,0,1,0,0.00825854384598923,1,0,1,0.142857142857143,1,0,1,0.142857142857143,0.0670878041435701,0,1,0.666666666666667,0,0,1,0.666666666666667,0
"22",0.00248681458178636,5,0,1,0.714285714285714,4,0,1,0.571428571428571,0.00579295018445402,3,0,1,0.428571428571429,3,0,1,0.428571428571429,0.0859106420981626,0,1,0.666666666666667,0,0,1,0.666666666666667,0
"23",0.0119371099634686,3,0,1,0.428571428571429,2,0,1,0.285714285714286,0.00502951448958646,5,0,1,0.714285714285714,5,0,1,0.714285714285714,0.0703108318389616,0,0,1,0,0,0,1,0
"24",0.00992294864039751,1,0,NA,0.1,1,0,NA,0.1,0.0100622476241241,1,0,NA,0.1,1,0,NA,0.1,0.0100622476241241,1,0,NA,0.1,1,0,NA,0.1
"25",0.0152950198986246,2,0,NA,0.2,2,0,NA,0.2,0.00560533755211044,6,0,NA,0.6,6,0,NA,0.6,0.0176234983000871,2,0,NA,0.2,2,0,NA,0.2
"26",0.0136682540406005,0,0,NA,0,0,0,NA,0,0.0101168075875221,2,0,NA,0.2,2,0,NA,0.2,0.0116229983070669,2,0,NA,0.2,2,0,NA,0.2
"27",0.0109422083412443,1,0,1,0.111111111111111,1,0,1,0.111111111111111,0.0104413024275626,2,0,1,0.222222222222222,2,0,1,0.222222222222222,0.0358793197040303,0,0,1,0,0,0,1,0
"28",0.0247797599461502,1,0,1,0.125,1,0,1,0.125,0.00742408822385858,5,0,1,0.625,5,0,1,0.625,0.0546781857012556,0,0,1,0,0,0,1,0
"29",0.00880376892376757,4,0,1,0.444444444444444,4,0,1,0.444444444444444,0.00940024452692524,4,0,1,0.444444444444444,4,0,1,0.444444444444444,0.0409192980977902,0,0,1,0,0,0,1,0
"30",0.0155291665950421,0,0,1,0,0,0,1,0,0.00894476090749127,1,0,1,0.111111111111111,0,0,1,0,0.0428818516085667,0,0,1,0,0,0,1,0
"31",0.0104959456603866,4,0,1,0.571428571428571,4,0,1,0.571428571428571,0.00374770034151926,4,0,1,0.571428571428571,4,0,1,0.571428571428571,0.0676443768815994,0,1,0.666666666666667,0,0,1,0.666666666666667,0
"32",0.0137875095002305,2,0,1,0.222222222222222,2,0,1,0.222222222222222,0.012108163964476,2,0,1,0.222222222222222,2,0,1,0.222222222222222,0.0401153719368456,0,0,1,0,0,0,1,0
"33",0.0124072176569312,1,0,NA,0.1,1,0,NA,0.1,0.0138347071290586,1,0,NA,0.1,1,0,NA,0.1,0.0138347071290586,1,0,NA,0.1,1,0,NA,0.1
"34",0.0117440728539587,1,0,1,0.111111111111111,1,0,1,0.111111111111111,0.0102761379760209,2,0,1,0.222222222222222,2,0,1,0.222222222222222,0.0384647896680181,0,0,1,0,0,0,1,0
"35",0.0252968797318205,0,0,1,0,0,0,1,0,0.0101080878201533,3,0,1,0.333333333333333,3,0,1,0.333333333333333,0.0360053668226185,0,0,1,0,0,0,1,0
"36",0.00833343575667947,2,0,1,0.222222222222222,2,0,1,0.222222222222222,0.009138160429114,2,0,1,0.222222222222222,2,0,1,0.222222222222222,0.0423558635655934,0,0,1,0,0,0,1,0
"37",0.0130686735225443,2,0,NA,0.2,2,0,NA,0.2,0.0117892000974502,3,0,NA,0.3,3,0,NA,0.3,0.0148679110375965,2,0,NA,0.2,2,0,NA,0.2
"38",0.00330156603107733,4,0,1,0.8,4,0,1,0.8,0.00392552165239865,4,0,1,0.8,4,0,1,0.8,0.0696902431060331,0,1,0.8,0,0,1,0.8,0
"39",0.0155721414497349,0,0,1,0,0,0,1,0,0.00651886412491075,2,0,1,0.285714285714286,1,0,1,0.142857142857143,0.0735456187469171,0,0,1,0,0,0,1,0
"40",0.0114028918437609,2,0,1,0.222222222222222,2,0,1,0.222222222222222,0.0100819596257033,2,0,1,0.222222222222222,2,0,1,0.222222222222222,0.0450709065844622,0,0,1,0,0,0,1,0
"41",0.0140018619205164,0,0,NA,0,0,0,NA,0,0.00883695955753852,2,0,NA,0.2,2,0,NA,0.2,0.00883695955753852,2,0,NA,0.2,2,0,NA,0.2
"42",0.00550236339819528,4,0,1,0.444444444444444,4,0,1,0.444444444444444,0.00824861645441444,3,0,1,0.333333333333333,3,0,1,0.333333333333333,0.0479812171936861,0,0,1,0,0,0,1,0
"43",0.00735542535763406,4,0,1,0.444444444444444,4,0,1,0.444444444444444,0.00977052276928232,3,0,1,0.333333333333333,3,0,1,0.333333333333333,0.0465319670880002,0,0,1,0,0,0,1,0
"44",0.0121821281508056,1,0,1,0.111111111111111,1,0,1,0.111111111111111,0.0120869465189758,1,0,1,0.111111111111111,1,0,1,0.111111111111111,0.0407507460148591,0,0,1,0,0,0,1,0
"45",0.0197530592877012,1,0,1,0.111111111111111,0,0,1,0,0.00567434035668639,7,0,1,0.777777777777778,6,0,1,0.666666666666667,0.0405460356772599,0,0,1,0,0,0,1,0
"46",0.0126074683507152,2,0,NA,0.2,2,0,NA,0.2,0.00954674031482959,3,0,NA,0.3,3,0,NA,0.3,0.0201606773342802,2,0,NA,0.2,2,0,NA,0.2
"47",0.0119631039846497,3,0,1,0.375,3,0,1,0.375,0.00822128519237738,3,0,1,0.375,3,0,1,0.375,0.0595957857695507,0,0,1,0,0,0,1,0
"48",0.0103563215476071,3,0,1,0.333333333333333,2,0,1,0.222222222222222,0.0119338523306795,2,0,1,0.222222222222222,2,0,1,0.222222222222222,0.0411571320110825,0,0,1,0,0,0,1,0
"49",0.0170510417424793,0,0,NA,0,0,0,NA,0,0.0132169498595918,2,0,NA,0.2,2,0,NA,0.2,0.0132169498595918,2,0,NA,0.2,2,0,NA,0.2
"50",0.00797583142301463,3,0,1,0.333333333333333,3,0,1,0.333333333333333,0.00959182979853776,1,0,1,0.111111111111111,1,0,1,0.111111111111111,0.0329478549183291,0,0,1,0,0,0,1,0
